Chromosome, region start, region end, length, peak positon
1,3967125,3968125,1000,3967487
1,3972000,3973525,1525,3972887
1,4921875,4923150,1275,4922212
1,4976300,4977150,850,4976712
1,4978100,4978775,675,4978387
1,5159650,5161125,1475,5160612
1,5450725,5451675,950,5451262
1,6003500,6004175,675,6003862
1,6430275,6430950,675,6430787
1,6507425,6508375,950,6508112
1,7050500,7053250,2750,7051537
1,7059275,7060350,1075,7059437
1,7110600,7112125,1525,7111562
1,7114150,7118025,3875,7116187
1,7119050,7124200,5150,7123237
1,7197200,7199350,2150,7198937
1,7287925,7288525,600,7288262
1,7289175,7290125,950,7289612
1,7342250,7343225,975,7342512
1,7352325,7353175,850,7352712
1,7486000,7490325,4325,7489162
1,7597300,7597900,600,7597537
1,7808900,7809525,625,7809062
1,8037200,8038100,900,8037562
1,8085300,8086450,1150,8085562
1,8525000,8525775,775,8525287
1,8775800,8776525,725,8776112
1,8924900,8927125,2225,8925712
1,8928825,8929450,625,8929062
1,8932450,8934125,1675,8932462
1,9951825,9953375,1550,9952737
1,10155150,10157850,2700,10157237
1,10631100,10632200,1100,10631562
1,10807875,10808825,950,10808137
1,10865825,10866675,850,10865987
1,11260150,11264225,4075,11262637
1,11363200,11364275,1075,11363487
1,11472425,11473375,950,11472887
1,11484425,11485375,950,11484912
1,11519750,11520475,725,11520287
1,11729225,11730650,1425,11730037
1,11731250,11732750,1500,11731887
1,12007650,12008400,750,12007837
1,12574400,12575525,1125,12574837
1,12577850,12578850,1000,12578412
1,12579850,12580825,975,12580237
1,13073100,13074000,900,13073637
1,13253625,13255475,1850,13254587
1,13441150,13442150,1000,13441812
1,13442450,13443625,1175,13442987
1,13499000,13500000,1000,13499612
1,13589875,13591125,1250,13590987
1,13604100,13605250,1150,13604562
1,13649950,13651050,1100,13650412
1,14298275,14298925,650,14298512
1,14673650,14675125,1475,14673937
1,14951875,14952800,925,14952062
1,14961450,14962150,700,14961737
1,15157400,15158325,925,15157662
1,15271850,15272800,950,15272112
1,15779250,15779900,650,15779262
1,15788825,15789775,950,15789062
1,15792325,15793300,975,15792912
1,15813100,15813800,700,15813487
1,16504775,16505550,775,16505112
1,16811975,16813000,1025,16812637
1,16853775,16854600,825,16854087
1,17082400,17083175,775,17082562
1,17224375,17225300,925,17225012
1,17508600,17509600,1000,17509062
1,17652950,17653675,725,17653262
1,17918525,17920025,1500,17919137
1,18042875,18044150,1275,18043662
1,20758225,20759175,950,20758562
1,20891150,20891900,750,20891162
1,21239200,21240025,825,21239562
1,22487075,22488725,1650,22487862
1,23716325,23717350,1025,23716637
1,24958175,24959050,875,24958937
1,25124900,25126050,1150,25125212
1,30034650,30035400,750,30035312
1,30864900,30866350,1450,30865562
1,33351250,33351950,700,33351412
1,33774050,33775250,1200,33774512
1,33852250,33853200,950,33853187
1,34044575,34046325,1750,34046087
1,34873525,34874200,675,34874162
1,35059450,35061025,1575,35060187
1,35137550,35138750,1200,35137862
1,35139350,35140025,675,35139612
1,35160275,35166850,6575,35165737
1,35173600,35174275,675,35173937
1,35175950,35176900,950,35176662
1,35177725,35180450,2725,35178162
1,35417475,35418750,1275,35417487
1,35946050,35947425,1375,35946537
1,35983075,35989925,6850,35987112
1,37030800,37031525,725,37031237
1,37152250,37153225,975,37152712
1,37154025,37155525,1500,37154637
1,37156000,37156900,900,37156537
1,37222675,37223650,975,37223112
1,37227975,37229375,1400,37228462
1,37664450,37665175,725,37664462
1,38570925,38571750,825,38570937
1,39138100,39139175,1075,39138762
1,39312500,39313425,925,39313062
1,40624850,40626850,2000,40625687
1,43631675,43632875,1200,43632037
1,44255175,44255925,750,44255712
1,44274275,44274900,625,44274887
1,45673975,45674825,850,45674387
1,49829850,49830575,725,49830162
1,50871900,50873050,1150,50872112
1,51626125,51627025,900,51627012
1,52471350,52472300,950,52471537
1,52538925,52540125,1200,52539312
1,52869500,52871450,1950,52870212
1,52879425,52884125,4700,52883437
1,52890825,52896700,5875,52894237
1,53333650,53334650,1000,53333687
1,53452000,53452825,825,53452787
1,53470925,53471575,650,53471412
1,53557575,53558775,1200,53558037
1,53689425,53692000,2575,53690712
1,54138500,54139400,900,54139212
1,54983650,54984800,1150,54983887
1,55051250,55052225,975,55051637
1,55307350,55308475,1125,55307362
1,56913975,56914850,875,56914262
1,56921675,56922725,1050,56922012
1,57533050,57534500,1450,57533787
1,58159700,58160700,1000,58160162
1,58274925,58275875,950,58275462
1,58308900,58309750,850,58309487
1,58450450,58453950,3500,58452512
1,58454525,58455400,875,58454837
1,58648525,58649300,775,58648962
1,58693275,58694150,875,58693337
1,58696300,58697175,875,58696937
1,58704850,58706975,2125,58705962
1,59288225,59290025,1800,59289162
1,59294225,59295225,1000,59295112
1,59337975,59338875,900,59338487
1,60294650,60295300,650,60295287
1,60529300,60530250,950,60529312
1,60530550,60531575,1025,60531012
1,60676250,60677525,1275,60676987
1,60730150,60731050,900,60730637
1,62611650,62612500,850,62612337
1,62640450,62641875,1425,62641112
1,64316450,64317225,775,64316762
1,64356400,64357275,875,64356812
1,64892700,64894625,1925,64894112
1,64999825,65002350,2525,65000737
1,65038600,65039225,625,65038937
1,66631925,66632625,700,66632212
1,67865500,67867350,1850,67865587
1,71522400,71525200,2800,71523662
1,72065650,72067475,1825,72066187
1,72273100,72274325,1225,72273187
1,72806775,72807750,975,72807187
1,73814225,73818275,4050,73814937
1,74031500,74032525,1025,74031812
1,74593775,74595075,1300,74594237
1,74704125,74705000,875,74704287
1,74815500,74816225,725,74816112
1,75344500,75345550,1050,75345187
1,75884975,75886250,1275,75885687
1,76470925,76471550,625,76471312
1,77335925,77338450,2525,77337837
1,78193150,78194125,975,78193662
1,78386450,78387425,975,78386637
1,78896875,78897575,700,78897012
1,82378925,82379900,975,82379412
1,82818600,82820200,1600,82819112
1,84813425,84814500,1075,84813712
1,87699800,87700775,975,87700087
1,87711950,87713075,1125,87712587
1,88983875,88984875,1000,88984437
1,88987375,88988100,725,88987387
1,89095100,89096075,975,89095687
1,89340325,89341500,1175,89340937
1,89663525,89664525,1000,89664212
1,90035575,90036275,700,90036262
1,90036800,90037575,775,90036812
1,90101825,90102725,900,90102687
1,90103350,90104225,875,90103362
1,90586300,90586975,675,90586487
1,90625000,90626200,1200,90625962
1,90749375,90750600,1225,90749962
1,91412350,91413050,700,91412737
1,91762975,91763625,650,91763037
1,91889950,91890925,975,91890037
1,92325725,92326900,1175,92326062
1,92327900,92329725,1825,92328387
1,92459350,92460250,900,92459912
1,92721275,92722050,775,92721612
1,92722925,92723675,750,92723287
1,92861250,92862325,1075,92861687
1,93631575,93632375,800,93632287
1,94662125,94663100,975,94662712
1,95025100,95025925,825,95025187
1,95930125,95931450,1325,95930887
1,96865325,96866125,800,96865962
1,97329975,97330800,825,97330537
1,97635400,97636175,775,97635987
1,99490750,99492050,1300,99491587
1,102684150,102685200,1050,102684262
1,103725600,103726450,850,103726187
1,104129175,104130250,1075,104129387
1,105304925,105306950,2025,105306887
1,106854700,106855700,1000,106855012
1,107607925,107608575,650,107608312
1,107947100,107947775,675,107947362
1,110373525,110374125,600,110373762
1,112619300,112621450,2150,112620537
1,112621925,112622700,775,112622287
1,119282900,119285325,2425,119283662
1,121179600,121180450,850,121179887
1,121408375,121411225,2850,121410062
1,121567425,121568625,1200,121567937
1,122167850,122169125,1275,122168687
1,122423925,122424650,725,122424062
1,123309750,123311075,1325,123310537
1,123354650,123355575,925,123355162
1,129891750,129893000,1250,129892287
1,129893875,129895375,1500,129894562
1,129917275,129920050,2775,129918912
1,130714850,130715625,775,130715212
1,130934850,130935875,1025,130935462
1,132072875,132073875,1000,132072962
1,132955850,132960675,4825,132956737
1,133072075,133072825,750,133072562
1,133719900,133722350,2450,133721512
1,134017425,134018650,1225,134018637
1,134028200,134030850,2650,134029562
1,134236950,134238075,1125,134237237
1,134675975,134677175,1200,134676812
1,134990900,134992000,1100,134991587
1,135188775,135189450,675,135188912
1,136051050,136051875,825,136051162
1,136186225,136187725,1500,136186812
1,136201200,136201900,700,136201837
1,136215500,136216450,950,136215887
1,136261300,136262200,900,136261587
1,136462325,136463250,925,136463087
1,138623450,138624075,625,138623837
1,140043900,140044675,775,140044237
1,141226225,141227450,1225,141226587
1,141540500,141541175,675,141540762
1,141758825,141759625,800,141759212
1,146918350,146919025,675,146918612
1,151993625,151994625,1000,151994087
1,152236450,152237375,925,152236987
1,152259875,152261650,1775,152260862
1,152413950,152414925,975,152414737
1,154174300,154175275,975,154175062
1,154737975,154740150,2175,154739162
1,154800975,154802575,1600,154801812
1,154838900,154840550,1650,154839662
1,155878325,155879300,975,155878387
1,157006325,157007150,825,157006687
1,157527025,157527725,700,157527562
1,157839600,157841425,1825,157840587
1,158041075,158041750,675,158041262
1,158139775,158140625,850,158139862
1,159287850,159288700,850,159288087
1,162034700,162036650,1950,162035687
1,162873625,162875050,1425,162873712
1,162981325,162981975,650,162981512
1,166334100,166335325,1225,166334862
1,167870150,167872100,1950,167871112
1,167935800,167937175,1375,167936837
1,167956550,167957775,1225,167956887
1,167958450,167959925,1475,167958937
1,167964750,167966525,1775,167965387
1,167979950,167982200,2250,167980987
1,167984075,167986050,1975,167985062
1,167999875,168002550,2675,168001762
1,168246550,168248300,1750,168247087
1,169753425,169754275,850,169753437
1,170068100,170069050,950,170068862
1,171853650,171854500,850,171854062
1,172425950,172426900,950,172426237
1,172779975,172780875,900,172780512
1,172900700,172901425,725,172900912
1,172927800,172928800,1000,172927812
1,172931000,172932575,1575,172932112
1,173565075,173566075,1000,173565687
1,173735525,173737000,1475,173736037
1,174101550,174102525,975,174101837
1,175707225,175707950,725,175707612
1,178419275,178420525,1250,178419862
1,178423075,178424100,1025,178423637
1,178556250,178556900,650,178556287
1,179585850,179588425,2575,179587187
1,179824450,179825250,800,179824712
1,179969225,179969875,650,179969562
1,180018025,180018825,800,180018362
1,180037575,180039700,2125,180038312
1,180061200,180065650,4450,180064362
1,180065900,180066900,1000,180065987
1,180110575,180111825,1250,180111162
1,180118700,180119300,600,180119262
1,180137000,180137975,975,180137637
1,180172425,180173250,825,180172612
1,180366050,180367475,1425,180366812
1,181103975,181107350,3375,181105937
1,181127075,181127950,875,181127137
1,181206325,181207350,1025,181206562
1,181471600,181473025,1425,181472412
1,181487775,181488425,650,181487787
1,181488875,181490000,1125,181489312
1,181656725,181657650,925,181656962
1,181729500,181730875,1375,181730087
1,181737425,181739225,1800,181738387
1,181742525,181743900,1375,181743037
1,182169225,182170375,1150,182169437
1,182447800,182448900,1100,182448187
1,183023400,183024650,1250,183024087
1,183099150,183100225,1075,183099712
1,183107150,183108050,900,183107687
1,183613150,183613925,775,183613612
1,184018600,184020925,2325,184019637
1,184021150,184021900,750,184021237
1,184028025,184029125,1100,184028762
1,184030300,184031350,1050,184030662
1,184724875,184725925,1050,184725537
1,185264550,185265575,1025,185264637
1,186699750,186700650,900,186699862
1,186777050,186777875,825,186777712
1,187003125,187004125,1000,187003812
1,187156000,187156725,725,187156062
1,188406450,188407125,675,188406587
1,188669000,188671025,2025,188669837
1,191090000,191091650,1650,191090287
1,191429125,191429800,675,191429662
1,192485850,192486825,975,192486712
1,192773350,192774100,750,192773787
1,192841650,192843250,1600,192842387
1,192857075,192858075,1000,192857337
1,192884700,192885300,600,192884712
1,193201225,193202025,800,193201437
1,193419075,193419750,675,193419512
1,193554650,193555650,1000,193554712
1,194151325,194152050,725,194151737
1,194153900,194154500,600,194154462
1,194659350,194660750,1400,194659787
1,195074225,195075175,950,195074912
1,195165700,195167125,1425,195166662
1,196953925,196954600,675,196954437
1,196962875,196963550,675,196963412
1,196964200,196966450,2250,196965187
2,3406575,3407625,1050,3406812
2,3865475,3866250,775,3865487
2,4829825,4830625,800,4830212
2,4867050,4869325,2275,4868037
2,4869575,4870650,1075,4869637
2,5139675,5140375,700,5139687
2,5470925,5471925,1000,5471212
2,5478800,5479500,700,5479237
2,5608600,5609700,1100,5608912
2,5650500,5652150,1650,5651237
2,6368075,6369225,1150,6368912
2,9794875,9795725,850,9794912
2,11420925,11421775,850,11421262
2,11511875,11513025,1150,11512437
2,12056050,12057425,1375,12056437
2,15439875,15440675,800,15440487
2,15947250,15948125,875,15947937
2,17015800,17016975,1175,17016137
2,17629050,17629650,600,17629512
2,17809325,17812000,2675,17811362
2,17871900,17872625,725,17872437
2,17879850,17880525,675,17880362
2,17899575,17904800,5225,17902337
2,17908200,17909200,1000,17908462
2,17936175,17937575,1400,17936962
2,18238675,18240475,1800,18239437
2,18246900,18248200,1300,18247587
2,18377975,18380250,2275,18379662
2,18589375,18590775,1400,18590137
2,18604425,18605800,1375,18604837
2,18607025,18608700,1675,18607062
2,19279125,19279825,700,19279687
2,19363550,19364500,950,19363837
2,19498150,19499200,1050,19498737
2,20094675,20096225,1550,20095512
2,20098500,20099500,1000,20098737
2,20408625,20410375,1750,20410237
2,20411425,20412150,725,20411437
2,20418050,20419050,1000,20418862
2,20441250,20445000,3750,20441912
2,20504675,20506250,1575,20505662
2,20507650,20512550,4900,20511687
2,20663975,20664750,775,20664587
2,20707650,20708975,1325,20708337
2,20991725,20992675,950,20992262
2,21960625,21961250,625,21961187
2,22083100,22083975,875,22083512
2,22589425,22590850,1425,22590312
2,23748525,23749950,1425,23748987
2,23988500,23989475,975,23989312
2,24189750,24190550,800,24190037
2,26663275,26664150,875,26663537
2,26704050,26705025,975,26704237
2,26706150,26706825,675,26706312
2,26707825,26711275,3450,26708737
2,27046800,27047650,850,27047212
2,28315850,28317200,1350,28316537
2,28916525,28917725,1200,28917362
2,28923225,28924625,1400,28923237
2,29074800,29075800,1000,29074812
2,29951300,29952925,1625,29952162
2,30039325,30040525,1200,30039912
2,30047725,30049525,1800,30048612
2,30049750,30053200,3450,30051087
2,30561700,30562350,650,30561737
2,30634650,30635300,650,30635287
2,30906225,30907000,775,30906612
2,31462675,31463500,825,31462712
2,31475375,31476300,925,31476212
2,31772350,31773075,725,31772687
2,31904850,31905975,1125,31905512
2,31938275,31939275,1000,31938612
2,31941775,31943100,1325,31942387
2,32095250,32096025,775,32095387
2,32293875,32295575,1700,32294912
2,32300100,32301275,1175,32300462
2,32668375,32669175,800,32668537
2,33599750,33600925,1175,33600237
2,34192650,34193525,875,34193337
2,35339775,35341750,1975,35340987
2,35835950,35836750,800,35836162
2,35841125,35842050,925,35841612
2,36235350,36236700,1350,36236562
2,36417250,36418100,850,36417887
2,36478225,36478900,675,36478287
2,38173450,38174675,1225,38173712
2,38178450,38179275,825,38178587
2,42474400,42475275,875,42474962
2,43186600,43191825,5225,43189712
2,44757225,44758325,1100,44757862
2,44931550,44932650,1100,44931662
2,48675250,48675975,725,48675687
2,49424900,49425875,975,49425312
2,50843550,50844450,900,50844137
2,51946350,51949775,3425,51949012
2,52521750,52522775,1025,52522312
2,53032700,53034825,2125,53033937
2,54251050,54251975,925,54251762
2,58438875,58440300,1425,58439362
2,58488200,58489700,1500,58489037
2,58493625,58494250,625,58493962
2,59119025,59120375,1350,59119762
2,59122500,59123275,775,59123187
2,59187075,59189125,2050,59187412
2,59435925,59436525,600,59436362
2,59565325,59566450,1125,59565712
2,63606375,63606975,600,63606762
2,65039375,65040400,1025,65039987
2,65216850,65218925,2075,65218787
2,65219800,65221175,1375,65219812
2,65595525,65597925,2400,65596387
2,65640875,65641875,1000,65641437
2,65989800,65990625,825,65989937
2,68148825,68149800,975,68149537
2,68271975,68272750,775,68272162
2,70071475,70072950,1475,70072062
2,70362525,70364200,1675,70363437
2,71347300,71348275,975,71347462
2,71741125,71743125,2000,71742312
2,71749825,71751275,1450,71750712
2,72789800,72791100,1300,72790562
2,73546050,73547125,1075,73546512
2,73547350,73548900,1550,73547962
2,73555675,73558125,2450,73556462
2,73558775,73559425,650,73559137
2,74498575,74499250,675,74499237
2,74528600,74529525,925,74528687
2,76207225,76208525,1300,76207862
2,79736750,79737700,950,79737087
2,82715675,82716850,1175,82716362
2,83230075,83230700,625,83230362
2,83730750,83731575,825,83731287
2,84364850,84365875,1025,84365412
2,84378975,84380900,1925,84379837
2,84609300,84611900,2600,84611787
2,84686850,84688150,1300,84687612
2,85764825,85765625,800,85764837
2,86170000,86170775,775,86170437
2,87282950,87284100,1150,87283462
2,87397350,87398200,850,87397787
2,87672250,87673350,1100,87672462
2,91723250,91723925,675,91723637
2,91776250,91777025,775,91776687
2,91824825,91825750,925,91824987
2,91893750,91895325,1575,91894562
2,92277000,92278425,1425,92278212
2,93632850,93633525,675,93633112
2,93744050,93745225,1175,93744762
2,93756750,93758250,1500,93757437
2,97534800,97535625,825,97534837
2,103771075,103772075,1000,103771687
2,103892275,103894050,1775,103893112
2,104686900,104687600,700,104687187
2,104975225,104976000,775,104975387
2,105369350,105370425,1075,105370087
2,106370500,106371225,725,106370987
2,106616800,106617700,900,106616887
2,111348575,111349325,750,111348637
2,113017025,113018100,1075,113017737
2,113617800,113618850,1050,113618287
2,115410525,115411525,1000,115411162
2,115412125,115413675,1550,115412762
2,116226250,116227225,975,116226687
2,116642800,116643550,750,116643037
2,118368325,118369300,975,118368937
2,118437425,118438350,925,118437987
2,119377850,119379150,1300,119378562
2,119449250,119450925,1675,119450237
2,120326050,120326900,850,120326662
2,121215100,121216125,1025,121215487
2,124044675,124045325,650,124045012
2,124794500,124800100,5600,124799062
2,124935000,124935600,600,124935512
2,124936975,124938000,1025,124937112
2,124939975,124942700,2725,124941437
2,124943900,124945825,1925,124945437
2,125321650,125322400,750,125321812
2,125327175,125328650,1475,125327737
2,125652850,125653750,900,125653137
2,126218750,126219625,875,126219337
2,126803200,126804825,1625,126804387
2,127347425,127348175,750,127347737
2,128274875,128275875,1000,128275637
2,128776600,128777200,600,128776962
2,129033875,129034725,850,129034037
2,129211675,129212750,1075,129211787
2,129216450,129217150,700,129216937
2,129284725,129285575,850,129285212
2,129485650,129486600,950,129486137
2,130326925,130327675,750,130327037
2,131183700,131184375,675,131183812
2,131253225,131254150,925,131254062
2,131339625,131340275,650,131340062
2,131521350,131522625,1275,131521687
2,131608525,131609625,1100,131608862
2,131622100,131625125,3025,131623737
2,132053425,132054375,950,132054037
2,132494475,132495475,1000,132495262
2,132636250,132637425,1175,132636812
2,133243600,133244375,775,133244237
2,135249000,135250500,1500,135250312
2,135472650,135473275,625,135472862
2,136078375,136079475,1100,136078762
2,139564875,139565850,975,139565512
2,140223225,140224200,975,140223762
2,142002700,142003500,800,142003087
2,144021875,144022850,975,144022812
2,145825925,145827575,1650,145826862
2,145831850,145832800,950,145832362
2,145910425,145911225,800,145910562
2,145911700,145912650,950,145912387
2,145913675,145915100,1425,145914812
2,146320575,146321675,1100,146320837
2,146699450,146702600,3150,146700162
2,147737400,147738350,950,147737662
2,148100925,148102150,1225,148101612
2,148151975,148152725,750,148151987
2,149887725,149890950,3225,149889862
2,150764425,150765250,825,150764662
2,151393525,151394625,1100,151393687
2,151740700,151741700,1000,151740737
2,151865225,151867000,1775,151866012
2,152106975,152108125,1150,152107512
2,152376175,152377800,1625,152377612
2,152654400,152655475,1075,152654787
2,153220150,153221575,1425,153220612
2,153934475,153936125,1650,153935237
2,154116550,154117175,625,154116887
2,154592975,154595550,2575,154594387
2,154596075,154597075,1000,154596562
2,154837250,154839100,1850,154838437
2,156476950,156477750,800,156477212
2,156521950,156523650,1700,156522812
2,157064750,157066350,1600,157065562
2,157248125,157253175,5050,157250112
2,157253425,157254475,1050,157253437
2,157605975,157607300,1325,157606187
2,158246775,158247375,600,158247287
2,158305925,158306575,650,158305937
2,160322125,160323300,1175,160322787
2,160329875,160332375,2500,160330512
2,160334725,160335400,675,160335137
2,160602950,160603550,600,160603212
2,162764250,162766350,2100,162766237
2,162770625,162771825,1200,162770837
2,163151750,163153475,1725,163152512
2,164177400,164178025,625,164177837
2,164215900,164217350,1450,164216737
2,164217650,164218850,1200,164218487
2,164537400,164538000,600,164537912
2,164554325,164555125,800,164554387
2,164597100,164598025,925,164597537
2,165284975,165286300,1325,165286262
2,165883800,165885275,1475,165884487
2,165902900,165903800,900,165903737
2,165930700,165933275,2575,165931662
2,166190600,166191525,925,166191237
2,166199825,166200975,1150,166200112
2,166221225,166222150,925,166221437
2,166226000,166226925,925,166226712
2,166508750,166510000,1250,166509437
2,166754875,166756650,1775,166755037
2,166812175,166813350,1175,166812837
2,166972575,166973350,775,166972612
2,167741200,167742375,1175,167741587
2,167813325,167814275,950,167813462
2,167981650,167982575,925,167982087
2,168415250,168418025,2775,168417487
2,168899000,168900500,1500,168899687
2,168982775,168984075,1300,168983712
2,170385200,170385875,675,170385687
2,170809750,170811050,1300,170810662
2,170811975,170813250,1275,170812337
2,170923800,170924800,1000,170924512
2,170971475,170974550,3075,170972362
2,171734050,171735050,1000,171734337
2,172208225,172210500,2275,172208912
2,172518950,172519650,700,172519412
2,173040350,173041625,1275,173040912
2,173220450,173221275,825,173221262
2,173937600,173939675,2075,173937987
2,173941075,173943900,2825,173941987
2,173969825,173971400,1575,173970437
2,174696175,174697375,1200,174696662
2,174799450,174801450,2000,174800037
2,177295700,177298475,2775,177297512
2,177502100,177502725,625,177502362
2,178343725,178344350,625,178343737
2,179372075,179372675,600,179372512
2,179391300,179392550,1250,179391787
2,179470025,179471275,1250,179470537
2,180651675,180653300,1625,180651687
2,181599675,181600325,650,181600212
2,181839525,181841750,2225,181840287
2,181841975,181843125,1150,181842362
3,3323650,3324600,950,3323887
3,4123025,4124625,1600,4123787
3,5410225,5410975,750,5410737
3,6036725,6037500,775,6037262
3,6098875,6099550,675,6099337
3,6974000,6974600,600,6974287
3,7036325,7037350,1025,7036687
3,7124075,7125300,1225,7124437
3,7466350,7467700,1350,7466987
3,7525600,7526500,900,7526087
3,7634075,7636000,1925,7634937
3,7664500,7665300,800,7665112
3,8002775,8003500,725,8003187
3,8210525,8211525,1000,8210762
3,8559850,8561350,1500,8560487
3,8767800,8768725,925,8768587
3,8934275,8935425,1150,8935012
3,8983200,8984100,900,8983412
3,8992725,8994725,2000,8993012
3,9073025,9074575,1550,9073837
3,9079625,9080650,1025,9080412
3,9081475,9082400,925,9081587
3,9318375,9319000,625,9318887
3,9639375,9640900,1525,9640112
3,9712600,9714150,1550,9713437
3,9721400,9722175,775,9721912
3,10145100,10145950,850,10145612
3,10724950,10725575,625,10725012
3,10772100,10772925,825,10772362
3,12821575,12822400,825,12822262
3,12948200,12949200,1000,12948312
3,14208100,14209075,975,14208812
3,14686475,14687100,625,14686662
3,14687325,14688475,1150,14688287
3,14969750,14975800,6050,14975287
3,14976800,14978800,2000,14977262
3,15030775,15031800,1025,15031312
3,16264000,16264750,750,16264387
3,16432250,16433125,875,16432462
3,17158725,17160075,1350,17159487
3,18245325,18246775,1450,18245937
3,18788400,18789300,900,18788812
3,18886425,18887400,975,18886612
3,19286100,19286900,800,19286537
3,19304825,19305800,975,19305587
3,19896725,19897725,1000,19896937
3,19936050,19936950,900,19936737
3,20114325,20115075,750,20114437
3,21351725,21352550,825,21352537
3,21664175,21664950,775,21664587
3,21699775,21700950,1175,21700337
3,21857225,21858750,1525,21857437
3,21863700,21864675,975,21863962
3,21875125,21876325,1200,21875987
3,21897625,21898750,1125,21897962
3,21911625,21912450,825,21911837
3,22226625,22227775,1150,22227012
3,22308250,22308875,625,22308687
3,22437900,22440175,2275,22439212
3,22485325,22486225,900,22485512
3,22488175,22489050,875,22488237
3,22749900,22751450,1550,22750762
3,22896225,22897075,850,22896862
3,25334475,25335375,900,25335012
3,25340650,25341325,675,25340737
3,25344450,25345375,925,25344862
3,25468900,25469900,1000,25469562
3,25606525,25607775,1250,25607037
3,26304450,26305275,825,26304837
3,27113125,27114425,1300,27113487
3,28113000,28113725,725,28113237
3,28210850,28212400,1550,28211612
3,29025050,29027625,2575,29026912
3,29045800,29048575,2775,29046637
3,30770100,30770825,725,30770637
3,30867500,30868700,1200,30867912
3,31379775,31380475,700,31380112
3,31380875,31381825,950,31381587
3,31590450,31592375,1925,31591437
3,31785875,31787125,1250,31786262
3,32717150,32718300,1150,32717312
3,32956475,32957275,800,32956962
3,34843275,34845000,1725,34844487
3,35604525,35605425,900,35604687
3,35611225,35612075,850,35611337
3,35821575,35822525,950,35821612
3,35825275,35826225,950,35825812
3,36061150,36062100,950,36061862
3,36288175,36289150,975,36288362
3,36292700,36293400,700,36293062
3,40406850,40407700,850,40406962
3,40805500,40806200,700,40805512
3,41022700,41023350,650,41022812
3,41935675,41936725,1050,41936537
3,43955300,43956125,825,43955312
3,45192950,45193950,1000,45193587
3,45312475,45313825,1350,45313137
3,46559550,46560450,900,46559937
3,51169325,51171150,1825,51170487
3,51324375,51326450,2075,51325337
3,51326700,51328025,1325,51327087
3,51703350,51704250,900,51703687
3,52856200,52856850,650,52856462
3,53199675,53200800,1125,53200212
3,55193550,55194375,825,55194087
3,58657050,58657675,625,58657387
3,58658300,58659450,1150,58659087
3,58687675,58688550,875,58688062
3,59094325,59095300,975,59095262
3,60195300,60197025,1725,60196087
3,60348700,60349700,1000,60349387
3,62246200,62247425,1225,62246512
3,62427625,62428375,750,62427637
3,62784025,62784825,800,62784237
3,63243275,63244625,1350,63243712
3,63329475,63331050,1575,63330637
3,64137900,64138925,1025,64138487
3,64292125,64293100,975,64292462
3,64415125,64415925,800,64415737
3,64453975,64454600,625,64454462
3,65648875,65649675,800,65649112
3,65739725,65740450,725,65740012
3,65743225,65744075,850,65743437
3,66103625,66104275,650,66103687
3,66308100,66309025,925,66308862
3,67012250,67013000,750,67012612
3,67529150,67530525,1375,67530362
3,67669625,67670250,625,67670212
3,68624825,68625575,750,68624837
3,68888825,68889925,1100,68889162
3,68957325,68958350,1025,68958112
3,69609600,69611075,1475,69610437
3,72061375,72062175,800,72061787
3,73521175,73522300,1125,73521887
3,83851900,83852650,750,83852337
3,83958575,83959450,875,83958962
3,83966350,83967525,1175,83966862
3,84345050,84346050,1000,84345412
3,86091225,86092500,1275,86091812
3,86926200,86929150,2950,86926562
3,86983975,86985400,1425,86984737
3,86995850,86997050,1200,86996587
3,87552500,87553725,1225,87553487
3,87564175,87564775,600,87564587
3,87687225,87688400,1175,87687987
3,88151875,88153275,1400,88152462
3,88455375,88456675,1300,88456037
3,88477050,88477675,625,88477087
3,88653450,88658900,5450,88657287
3,88659300,88660475,1175,88659537
3,88750025,88752275,2250,88750437
3,88759150,88760675,1525,88759862
3,88829850,88830600,750,88829912
3,89006975,89007825,850,89007537
3,89404950,89405975,1025,89405787
3,89917700,89918675,975,89917712
3,91063375,91064275,900,91063712
3,91114650,91115575,925,91114837
3,91369750,91370475,725,91370137
3,92902350,92903100,750,92902737
3,93252850,93253825,975,93253337
3,93258000,93258725,725,93258612
3,93288275,93289250,975,93288712
3,93291250,93291950,700,93291412
3,93299575,93300350,775,93299737
3,93529325,93532275,2950,93530062
3,93940675,93942350,1675,93941512
3,94831250,94832400,1150,94831712
3,95462775,95463525,750,95462887
3,95510400,95513275,2875,95512487
3,95745025,95746450,1425,95745512
3,96644675,96645550,875,96645037
3,96844975,96845650,675,96845312
3,96846550,96847500,950,96847087
3,97172725,97173750,1025,97172887
3,97219225,97219900,675,97219487
3,97221625,97222375,750,97221687
3,97223700,97226575,2875,97224487
3,98393125,98393925,800,98393437
3,100851100,100851950,850,100851537
3,100852925,100853800,875,100853112
3,101633450,101634450,1000,101634412
3,101698825,101699500,675,101698987
3,102196325,102197725,1400,102196987
3,102282450,102283875,1425,102283212
3,102320175,102321100,925,102320862
3,102363975,102364825,850,102364287
3,102844825,102847975,3150,102845987
3,103063925,103064775,850,103064762
3,103321350,103322925,1575,103322762
3,103328575,103330600,2025,103329137
3,103344725,103346850,2125,103345437
3,103356400,103357700,1300,103356912
3,103377750,103378600,850,103377787
3,103511250,103511900,650,103511762
3,103779000,103780000,1000,103779337
3,103970025,103971700,1675,103971087
3,106375150,106375975,825,106375237
3,106380450,106381750,1300,106381162
3,107229400,107230325,925,107230187
3,107586425,107587875,1450,107587162
3,108122075,108122750,675,108122437
3,108353725,108354950,1225,108354562
3,108818175,108819650,1475,108818837
3,108821875,108824200,2325,108822337
3,109467950,109469800,1850,109468762
3,112564550,112565350,800,112564912
3,115897125,115898075,950,115897687
3,115906675,115907650,975,115907187
3,116751600,116752625,1025,116751887
3,117369950,117370625,675,117370137
3,120805375,120806350,975,120805737
3,120815150,120815900,750,120815737
3,121564375,121565750,1375,121564687
3,121746600,121747500,900,121747137
3,122782975,122783625,650,122783387
3,127781625,127782475,850,127782062
3,129191525,129192225,700,129191762
3,129750250,129751225,975,129750412
3,130905825,130907100,1275,130906337
3,131087925,131088575,650,131087987
3,131100275,131100925,650,131100712
3,131160575,131161375,800,131160762
3,131480700,131481900,1200,131481187
3,131484625,131485475,850,131485162
3,132886475,132888175,1700,132887362
3,133288000,133288775,775,133288087
3,133314175,133315050,875,133314737
3,133316075,133316725,650,133316112
3,133746750,133747775,1025,133747087
3,134172825,134173500,675,134173112
3,134176650,134177425,775,134177387
3,135100675,135101500,825,135101037
3,135428175,135429050,875,135428962
3,135435175,135435850,675,135435462
3,135487575,135489100,1525,135488337
3,135490025,135491550,1525,135490712
3,135704425,135705250,825,135704987
3,135706300,135707075,775,135706512
3,136054025,136054975,950,136054112
3,136608550,136609200,650,136609062
3,137218075,137218950,875,137218262
3,137789750,137790900,1150,137790437
3,138593075,138594425,1350,138593612
3,139024325,139025150,825,139024762
3,141402475,141403400,925,141402687
3,142455850,142456900,1050,142456187
3,142588225,142588900,675,142588537
3,142602225,142603225,1000,142602837
3,142630525,142631550,1025,142631112
3,144351200,144353375,2175,144352137
3,144426325,144429375,3050,144427012
3,144524775,144525400,625,144525012
3,144546375,144547350,975,144547087
3,144554750,144556700,1950,144555937
3,144560150,144561625,1475,144560862
3,144842300,144842925,625,144842837
3,144878025,144879300,1275,144878737
3,145045500,145046575,1075,145045962
3,145586425,145587450,1025,145587062
3,146340350,146341275,925,146340462
3,148053600,148054525,925,148054037
3,148056800,148057800,1000,148057087
3,148925825,148926475,650,148925912
3,148988725,148991625,2900,148990237
3,153291650,153293400,1750,153292312
3,153319175,153320000,825,153319712
3,153329475,153330950,1475,153330312
3,153596150,153597950,1800,153597037
3,153755675,153756450,775,153755912
3,153848975,153849625,650,153849612
3,154113750,154114500,750,154114087
3,156497050,156497925,875,156497312
3,157501900,157502950,1050,157502487
3,158566475,158567325,850,158566512
4,3563825,3564950,1125,3564687
4,4154950,4156275,1325,4155662
4,4163375,4164125,750,4163662
4,4476800,4477700,900,4477587
4,5537300,5538100,800,5537837
4,5674775,5675400,625,5675062
4,5676150,5677150,1000,5676812
4,5690375,5692100,1725,5690887
4,5841625,5842875,1250,5842537
4,6296700,6297875,1175,6297187
4,6446400,6447050,650,6446587
4,8325875,8326775,900,8326687
4,8813800,8814800,1000,8814262
4,10361275,10362275,1000,10361887
4,10938575,10939725,1150,10939537
4,10963725,10964500,775,10963837
4,11101350,11102550,1200,11102462
4,11102875,11104025,1150,11102887
4,11104725,11112375,7650,11110412
4,11390125,11390825,700,11390787
4,11770050,11771150,1100,11770837
4,12370875,12373025,2150,12372187
4,12930800,12931475,675,12930912
4,13733850,13734475,625,13733862
4,16053325,16053975,650,16053587
4,16471825,16472550,725,16471987
4,16558950,16559750,800,16559162
4,16789550,16790175,625,16789887
4,18324100,18325100,1000,18324837
4,18364225,18365150,925,18364837
4,18400600,18401475,875,18401012
4,18408400,18409400,1000,18408962
4,19888575,19889350,775,19888737
4,21769875,21771175,1300,21770737
4,22137750,22138800,1050,22137812
4,22345675,22346600,925,22345962
4,22580550,22581150,600,22581037
4,23283500,23284450,950,23284187
4,23713300,23714700,1400,23713987
4,24666900,24667825,925,24667337
4,25803100,25803800,700,25803487
4,25906200,25907225,1025,25906962
4,25944750,25945525,775,25945112
4,26260100,26260900,800,26260337
4,26390500,26391475,975,26391087
4,27033150,27035100,1950,27034712
4,29198550,29199275,725,29198862
4,32495625,32496400,775,32495737
4,33108450,33109325,875,33108662
4,33222625,33223450,825,33223037
4,33359975,33360975,1000,33360037
4,33597175,33597900,725,33597737
4,33879275,33881275,2000,33879762
4,34538975,34539575,600,34539187
4,34696400,34697275,875,34696962
4,34731100,34731825,725,34731462
4,34907850,34908700,850,34908337
4,35565450,35566150,700,35565812
4,35767150,35768725,1575,35768112
4,38696225,38696925,700,38696537
4,39582900,39583675,775,39583462
4,40250025,40250925,900,40250562
4,40710500,40711450,950,40710887
4,40736175,40736850,675,40736362
4,40781475,40783050,1575,40782237
4,41640950,41643300,2350,41641437
4,41649050,41650875,1825,41649862
4,42937475,42938450,975,42938187
4,43318150,43319025,875,43318262
4,43356775,43359325,2550,43357212
4,43560250,43566850,6600,43564037
4,44723925,44725050,1125,44724962
4,45402900,45403975,1075,45403262
4,45550300,45551350,1050,45550637
4,47076700,47078150,1450,47077662
4,48065350,48066700,1350,48066162
4,48528675,48529525,850,48529412
4,48595050,48596175,1125,48595512
4,48645325,48646325,1000,48645362
4,48703625,48705050,1425,48704337
4,48707625,48709175,1550,48709112
4,48842900,48843550,650,48843112
4,51319875,51320825,950,51320062
4,53080500,53081275,775,53080637
4,53147525,53148175,650,53147662
4,53313350,53314350,1000,53313587
4,53315200,53316850,1650,53315387
4,53363175,53364675,1500,53364012
4,53823475,53824475,1000,53824062
4,53828750,53829650,900,53829087
4,53968750,53969575,825,53969237
4,54034575,54035575,1000,54035462
4,54091050,54092225,1175,54091612
4,55005675,55007650,1975,55007137
4,55015375,55024475,9100,55024462
4,55024850,55033100,8250,55028862
4,55045100,55045825,725,55045362
4,55154125,55155550,1425,55155287
4,55156650,55157325,675,55156937
4,56938025,56938675,650,56938637
4,57925125,57926025,900,57925437
4,57937050,57937700,650,57937087
4,57975625,57979025,3400,57976537
4,58076650,58077650,1000,58076737
4,59005775,59006400,625,59006262
4,59532075,59533075,1000,59532712
4,59544750,59545600,850,59545262
4,60084425,60086200,1775,60085362
4,60203675,60204375,700,60203887
4,60453575,60454475,900,60453737
4,61309175,61310175,1000,61309412
4,61404800,61405775,975,61405262
4,61453100,61454100,1000,61453387
4,61489650,61490725,1075,61490312
4,61510675,61512575,1900,61511937
4,61622525,61623400,875,61623012
4,61701900,61705025,3125,61703137
4,61897475,61898425,950,61898012
4,61936775,61937475,700,61936837
4,62884325,62885500,1175,62884837
4,63058275,63060525,2250,63059662
4,63063525,63064525,1000,63064512
4,63065150,63065750,600,63065162
4,63913150,63913750,600,63913262
4,69208375,69209200,825,69208937
4,69880250,69881600,1350,69880737
4,70151275,70152025,750,70151387
4,71120775,71121825,1050,71121062
4,71365325,71366175,850,71365812
4,73922900,73924300,1400,73923462
4,74782875,74783500,625,74782912
4,75271800,75272525,725,75271812
4,78700625,78701400,775,78700637
4,80281650,80282650,1000,80282087
4,82878725,82879650,925,82879287
4,83455725,83456550,825,83455837
4,84354525,84355700,1175,84355412
4,85385125,85387575,2450,85386587
4,86273125,86274275,1150,86274062
4,86275800,86276575,775,86276262
4,88190300,88192775,2475,88192137
4,88654800,88655475,675,88654862
4,89110450,89111300,850,89110862
4,94542550,94543400,850,94542862
4,95539450,95540525,1075,95539787
4,95547950,95548550,600,95548137
4,95649225,95649850,625,95649412
4,97764125,97765050,925,97764662
4,97766975,97767625,650,97767312
4,98308725,98309675,950,98309262
4,98340500,98343250,2750,98341287
4,98358400,98359400,1000,98358637
4,100567325,100567925,600,100567587
4,100945150,100945900,750,100945212
4,101381425,101387250,5825,101386462
4,102380750,102381350,600,102381037
4,102393975,102394975,1000,102394412
4,102666150,102666925,775,102666562
4,103334700,103335325,625,103335037
4,104145850,104147300,1450,104146762
4,104925425,104926850,1425,104925962
4,104934075,104936100,2025,104935587
4,104941950,104943175,1225,104942462
4,105883750,105891025,7275,105890062
4,105894450,105897100,2650,105895462
4,106932350,106934325,1975,106933112
4,107300250,107301225,975,107300887
4,107640175,107640850,675,107640612
4,107653375,107654425,1050,107653762
4,107780375,107782000,1625,107781212
4,107788800,107791275,2475,107790162
4,107802975,107805250,2275,107803787
4,109192800,109194075,1275,109193387
4,109475075,109475975,900,109475837
4,109482100,109482700,600,109482212
4,110717575,110718500,925,110717737
4,111588850,111589850,1000,111589512
4,114667600,114668275,675,114667762
4,114729925,114731000,1075,114730187
4,115476375,115477000,625,115476637
4,116652625,116653525,900,116653487
4,116687975,116690075,2100,116689462
4,116914975,116916900,1925,116915387
4,116999600,117000200,600,116999612
4,117194850,117196025,1175,117195512
4,117424900,117426175,1275,117425537
4,118088150,118088850,700,118088637
4,118175800,118176400,600,118176162
4,118241950,118242575,625,118242212
4,118491575,118494325,2750,118492187
4,118607725,118608450,725,118607762
4,118731375,118731975,600,118731387
4,119060900,119061650,750,119061237
4,119530325,119531175,850,119530562
4,119765925,119766950,1025,119766737
4,120080275,120081950,1675,120081212
4,120667575,120669800,2225,120668637
4,120670250,120671400,1150,120670737
4,120676000,120677000,1000,120676512
4,121152475,121153925,1450,121153362
4,121513525,121514225,700,121514112
4,121580500,121582175,1675,121581362
4,124161625,124162275,650,124161637
4,125499825,125500875,1050,125500237
4,126111600,126112425,825,126112037
4,126237650,126238525,875,126237937
4,127314850,127315675,825,127314987
4,127375750,127376800,1050,127376237
4,127380475,127381400,925,127380862
4,128083000,128085100,2100,128085087
4,128087125,128087975,850,128087862
4,128580600,128582350,1750,128581512
4,129487000,129488075,1075,129488062
4,130202525,130205100,2575,130204262
4,130206400,130207175,775,130206812
4,131624525,131625150,625,131625012
4,132396125,132397175,1050,132396662
4,132743200,132743800,600,132743437
4,134269925,134270525,600,134270337
4,134426075,134427325,1250,134426212
4,134699575,134700550,975,134700062
4,134802075,134803225,1150,134802562
4,134883275,134884350,1075,134883487
4,135544775,135545975,1200,135545387
4,135804075,135804900,825,135804587
4,137265900,137266875,975,137265912
4,137599975,137601175,1200,137600312
4,137667400,137668225,825,137667937
4,137688475,137689875,1400,137689012
4,138067200,138068775,1575,138068312
4,139104250,139105400,1150,139105112
4,139106350,139107075,725,139106437
4,139109175,139110425,1250,139109762
4,139233125,139233825,700,139233162
4,139312275,139313550,1275,139312912
4,139415100,139415725,625,139415662
4,139517225,139518075,850,139518062
4,139914300,139915275,975,139914337
4,140094825,140096700,1875,140096412
4,140210175,140211075,900,140210287
4,140215850,140216875,1025,140216237
4,140279675,140281100,1425,140280287
4,140281750,140282675,925,140282137
4,140532925,140533750,825,140533462
4,141125300,141127125,1825,141126187
4,141433600,141434625,1025,141434012
4,142469850,142470675,825,142470462
4,142616550,142617925,1375,142616862
4,142660600,142661575,975,142661212
4,142680150,142681325,1175,142680162
4,144159900,144160950,1050,144160612
4,144632325,144632925,600,144632862
4,144666750,144667750,1000,144666762
4,144713400,144715425,2025,144713712
4,145338550,145339500,950,145338762
4,145404900,145405775,875,145405187
4,145497100,145499150,2050,145497712
4,145499500,145500725,1225,145499937
4,145500975,145501950,975,145501187
4,145604450,145605950,1500,145605137
4,146031200,146031975,775,146031412
4,146113375,146114500,1125,146113712
4,146252100,146252875,775,146252112
4,146259700,146260400,700,146260362
4,146308350,146312950,4600,146311137
4,146314800,146316600,1800,146315612
4,146317100,146318750,1650,146318062
4,146330225,146334425,4200,146332662
4,146380150,146381000,850,146380337
4,146713100,146713725,625,146713162
4,146715775,146716575,800,146716187
4,147496450,147497850,1400,147497212
4,148430425,148431100,675,148431062
4,148616850,148617675,825,148617287
4,148991575,148992450,875,148992162
4,149024850,149026425,1575,149025237
4,149903475,149904100,625,149903787
4,149972525,149973600,1075,149973062
4,149988050,149989200,1150,149988062
4,149990125,149990775,650,149990387
4,149991125,149992625,1500,149991912
4,150169025,150169900,875,150169412
4,150764725,150765850,1125,150764962
4,151345925,151348200,2275,151346887
4,151990225,151991250,1025,151990937
4,151997275,151998025,750,151997287
4,152316800,152317400,600,152317012
4,152475575,152476575,1000,152476187
4,152983125,152984050,925,152983862
4,153479275,153480225,950,153479337
4,153484475,153485950,1475,153485062
4,153804125,153805500,1375,153804562
4,153814050,153818075,4025,153815887
4,154519375,154520325,950,154519737
4,154527375,154528300,925,154527987
4,154528875,154529650,775,154529262
4,154530250,154531250,1000,154530612
4,154979625,154980975,1350,154980437
4,154981750,154983450,1700,154982387
4,154998500,155000250,1750,154998962
4,155005050,155008550,3500,155005962
4,155010225,155011350,1125,155010312
4,155015175,155017850,2675,155015987
4,155019700,155024000,4300,155022687
4,155024450,155027275,2825,155025437
5,3104900,3106100,1200,3105212
5,3187175,3188175,1000,3188062
5,4324250,4325200,950,4324912
5,4762000,4764175,2175,4762837
5,7760725,7761425,700,7760887
5,8468900,8470450,1550,8469187
5,8741175,8741800,625,8741637
5,10511800,10512675,875,10512112
5,12725575,12726325,750,12726062
5,12853850,12856800,2950,12855462
5,15288400,15289000,600,15288412
5,17592325,17593275,950,17592612
5,17961625,17962250,625,17961862
5,17963525,17964575,1050,17964037
5,18072525,18073600,1075,18072787
5,18615800,18616525,725,18615862
5,18664625,18665275,650,18664937
5,19983650,19984600,950,19984237
5,20202150,20207525,5375,20205862
5,20224350,20226675,2325,20226087
5,20228075,20229850,1775,20229037
5,20755250,20756125,875,20756062
5,21856725,21857525,800,21857037
5,21938350,21938950,600,21938537
5,22257425,22258675,1250,22258012
5,22916075,22917175,1100,22916837
5,23212950,23216925,3975,23213862
5,23217275,23220150,2875,23218812
5,23221825,23223350,1525,23223062
5,23361975,23363100,1125,23362987
5,23363400,23364625,1225,23363937
5,23419375,23420400,1025,23419887
5,24169450,24170075,625,24169537
5,24188975,24189600,625,24189462
5,24239675,24241200,1525,24240662
5,24610675,24611950,1275,24611512
5,25057575,25058525,950,25058387
5,25327725,25328525,800,25328137
5,26764275,26765200,925,26764687
5,27084750,27085600,850,27085237
5,28498475,28499100,625,28499087
5,28767150,28768150,1000,28767862
5,28789250,28789925,675,28789262
5,28795550,28796250,700,28795612
5,29393125,29393975,850,29393587
5,29804375,29805650,1275,29804912
5,30130150,30130750,600,30130412
5,30140450,30142350,1900,30141612
5,30377175,30378450,1275,30377187
5,30435875,30436600,725,30436162
5,30560800,30561850,1050,30561462
5,30562175,30563025,850,30562962
5,30937175,30939050,1875,30938112
5,31369400,31370300,900,31369812
5,31907625,31908300,675,31907637
5,32859625,32862550,2925,32860712
5,32981675,32982750,1075,32982137
5,32985075,32987525,2450,32986362
5,33643750,33644700,950,33644112
5,33649800,33651875,2075,33651237
5,34038875,34040750,1875,34039137
5,34137850,34138725,875,34138137
5,34299675,34300950,1275,34300412
5,35705925,35706525,600,35705937
5,35714525,35715350,825,35714537
5,38109125,38109775,650,38109412
5,38111825,38112525,700,38112287
5,38217275,38217975,700,38217637
5,38417525,38418650,1125,38418037
5,38422800,38424350,1550,38423362
5,38692525,38694150,1625,38693312
5,38764275,38765625,1350,38764712
5,38782425,38784450,2025,38783912
5,43637750,43639025,1275,43638212
5,44115850,44117150,1300,44116462
5,44124125,44125925,1800,44124637
5,44144625,44148925,4300,44146137
5,45905600,45906225,625,45906012
5,45950250,45951775,1525,45951012
5,46087675,46088925,1250,46088262
5,46101675,46103250,1575,46102512
5,46104525,46105350,825,46105112
5,46110025,46111025,1000,46110462
5,46111300,46112350,1050,46111712
5,48272700,48274050,1350,48272712
5,50607450,50608175,725,50607737
5,52401950,52403225,1275,52403037
5,52807275,52808250,975,52807762
5,52853475,52854450,975,52853812
5,53317025,53317950,925,53317737
5,53961975,53963250,1275,53962912
5,58922100,58922800,700,58922587
5,60152900,60153525,625,60152987
5,60236475,60237175,700,60236487
5,62514550,62515825,1275,62515287
5,63927975,63929050,1075,63928687
5,64291850,64292525,675,64291937
5,64309025,64309925,900,64309437
5,64394200,64396050,1850,64395662
5,64438300,64439700,1400,64439162
5,64704375,64705350,975,64704612
5,64843850,64844925,1075,64844637
5,65132900,65135875,2975,65133962
5,65167825,65168725,900,65168062
5,65175650,65176875,1225,65176212
5,65186250,65186875,625,65186387
5,65189475,65190675,1200,65189987
5,66580950,66581825,875,66581437
5,66903150,66904000,850,66903412
5,67727100,67727975,875,67727612
5,68125500,68126125,625,68125862
5,72355625,72356500,875,72356212
5,73442400,73443150,750,73442862
5,73745500,73746200,700,73745962
5,74082825,74083725,900,74083212
5,75268025,75269750,1725,75268912
5,75271950,75273350,1400,75272787
5,75586000,75587000,1000,75586312
5,75909025,75909625,600,75909312
5,76089625,76090450,825,76089812
5,76259300,76260275,975,76259662
5,76362100,76362750,650,76362687
5,77298750,77299525,775,77299462
5,77349875,77350775,900,77350212
5,77502150,77503050,900,77502637
5,77732150,77733425,1275,77732612
5,78092075,78093675,1600,78092937
5,78098050,78099625,1575,78099012
5,78169575,78170250,675,78169812
5,78200875,78201525,650,78201512
5,78202850,78203550,700,78203137
5,78282475,78283950,1475,78283187
5,78483250,78484375,1125,78483887
5,80897200,80900825,3625,80898062
5,82096700,82097450,750,82096912
5,83952300,83953275,975,83952462
5,84526125,84526775,650,84526237
5,85453425,85454125,700,85453712
5,87930550,87931550,1000,87931062
5,88350350,88351325,975,88350762
5,89782725,89783575,850,89782937
5,90957800,90958400,600,90958337
5,93061075,93062050,975,93061262
5,93549950,93551375,1425,93550562
5,93557425,93558425,1000,93557787
5,94119400,94120775,1375,94119662
5,97457125,97458200,1075,97457387
5,98494675,98495350,675,98494687
5,99156500,99157500,1000,99156812
5,99969075,99970100,1025,99969512
5,100054700,100055925,1225,100055087
5,100591000,100591825,825,100591237
5,100764925,100767425,2500,100765462
5,101292700,101293500,800,101292962
5,102005125,102006225,1100,102005562
5,102078050,102079450,1400,102078537
5,102438350,102439450,1100,102438912
5,103588350,103589675,1325,103588887
5,103649675,103650300,625,103649937
5,103659675,103660625,950,103659912
5,104176100,104177175,1075,104177062
5,104185725,104186725,1000,104186212
5,104190025,104191625,1600,104191037
5,104428075,104428700,625,104428187
5,104432825,104433900,1075,104433262
5,104601075,104602025,950,104601737
5,104696500,104698950,2450,104697262
5,104818650,104819650,1000,104818862
5,104821475,104825200,3725,104824287
5,104825500,104826250,750,104826137
5,104827125,104831200,4075,104829762
5,104980825,104982150,1325,104981387
5,105066925,105068875,1950,105067812
5,105093675,105095550,1875,105094587
5,105162050,105164250,2200,105162937
5,105230125,105230975,850,105230562
5,105353525,105354525,1000,105353962
5,105629125,105630150,1025,105629812
5,105664900,105666150,1250,105665487
5,105784200,105785650,1450,105784937
5,105786375,105787300,925,105786437
5,105952450,105955925,3475,105954587
5,105956375,105964675,8300,105963662
5,105969350,105972275,2925,105970537
5,106172300,106173475,1175,106173137
5,109014850,109015800,950,109015412
5,109228050,109228975,925,109228612
5,109765875,109766750,875,109766087
5,109791600,109792325,725,109792212
5,109902675,109903300,625,109903262
5,110135675,110136600,925,110136062
5,110149325,110150400,1075,110149837
5,110173825,110174850,1025,110174487
5,110175825,110176825,1000,110176112
5,110177400,110178850,1450,110177912
5,110372775,110375475,2700,110375262
5,110432325,110435450,3125,110434537
5,110439975,110441900,1925,110440587
5,111036300,111036975,675,111036512
5,111219025,111219925,900,111219187
5,111596050,111596725,675,111596587
5,111873325,111874250,925,111873812
5,111908950,111909950,1000,111909287
5,112744175,112745175,1000,112744487
5,112920450,112921775,1325,112921687
5,113144800,113145700,900,113145562
5,113583750,113584550,800,113584537
5,113860200,113860925,725,113860737
5,113876750,113877400,650,113877037
5,113941400,113942275,875,113942037
5,114824125,114825175,1050,114824762
5,115063575,115064300,725,115064112
5,115081175,115084000,2825,115083112
5,116538475,116539300,825,116538762
5,117580250,117581050,800,117580312
5,117651850,117655625,3775,117653737
5,117660750,117662500,1750,117662362
5,118288975,118290050,1075,118289487
5,118430750,118431750,1000,118430787
5,118432000,118433050,1050,118432387
5,118611050,118612500,1450,118611912
5,119980325,119981175,850,119980662
5,120876225,120876975,750,120876962
5,120892400,120893400,1000,120892687
5,120971600,120972350,750,120971712
5,121091075,121092225,1150,121091262
5,121154075,121154950,875,121154387
5,122405300,122405900,600,122405562
5,122444825,122446150,1325,122445187
5,122907700,122909800,2100,122908937
5,122973075,122973700,625,122973437
5,123944100,123945625,1525,123944712
5,124199050,124199800,750,124199312
5,124371450,124372275,825,124372212
5,124529950,124532250,2300,124531362
5,124535475,124537425,1950,124536987
5,125678125,125679250,1125,125679112
5,126076075,126077025,950,126076412
5,126341300,126342200,900,126341812
5,126368825,126370600,1775,126370412
5,127045250,127045975,725,127045637
5,127248050,127249800,1750,127249187
5,127929650,127930500,850,127929837
5,127946900,127947875,975,127947287
5,127966000,127968675,2675,127966787
5,128910375,128911250,875,128910462
5,129274925,129275600,675,129275237
5,129548725,129550700,1975,129549387
5,129630150,129630950,800,129630537
5,129751200,129752025,825,129751687
5,129945750,129948825,3075,129947187
5,129970800,129972625,1825,129971912
5,129973250,129974275,1025,129973787
5,131770300,131771175,875,131771087
5,131772600,131774600,2000,131773712
5,132825675,132826975,1300,132826362
5,133577525,133578150,625,133577862
5,134502425,134503200,775,134502437
5,134701800,134702475,675,134702312
5,134724075,134724750,675,134724662
5,134759575,134760575,1000,134760162
5,134760925,134761925,1000,134761737
5,135217600,135219000,1400,135218487
5,135221000,135222225,1225,135221012
5,135224325,135225225,900,135225212
5,135542150,135542925,775,135542737
5,136154300,136155050,750,136154412
5,136439200,136440175,975,136439462
5,137223075,137225350,2275,137224437
5,137231800,137232575,775,137232012
5,137232900,137234700,1800,137234687
5,137370350,137371250,900,137370587
5,138011425,138013100,1675,138011887
5,138041150,138042150,1000,138041662
5,138326650,138327400,750,138327362
5,138551325,138552350,1025,138551937
5,138553575,138554475,900,138554012
5,139008700,139009550,850,139009237
5,139464325,139465100,775,139464337
5,139541175,139541800,625,139541287
5,139800600,139801225,625,139800912
5,140160150,140161650,1500,140161012
5,140164175,140165200,1025,140165162
5,140269600,140270575,975,140269887
5,140590850,140591575,725,140591237
5,140899925,140901200,1275,140900787
5,142304075,142305925,1850,142305162
5,142316850,142317450,600,142317237
5,142321775,142323575,1800,142322487
5,143079475,143080750,1275,143079787
5,143392250,143393225,975,143393212
5,143393475,143396150,2675,143394537
5,143397775,143398950,1175,143398337
5,143442250,143443000,750,143442462
5,143471650,143472400,750,143472287
5,143518175,143519850,1675,143518387
5,143607675,143608575,900,143608112
5,143878675,143879800,1125,143878737
5,144799975,144800650,675,144800037
5,145555200,145556350,1150,145555537
5,145575900,145577050,1150,145576437
5,146055200,146055825,625,146055312
5,146479600,146481250,1650,146479762
5,146718075,146720075,2000,146719187
5,146750950,146751750,800,146751262
5,147203600,147204525,925,147203937
5,147920450,147923250,2800,147921912
5,148036075,148037150,1075,148036312
5,148107350,148108350,1000,148107562
5,148117200,148118550,1350,148117787
5,148121225,148123625,2400,148122962
5,148127975,148128675,700,148128437
5,148262850,148265150,2300,148264562
5,148459500,148460825,1325,148460137
5,148487750,148488475,725,148487812
5,148555525,148556625,1100,148556262
5,148755475,148756300,825,148756062
5,149053275,149054750,1475,149054187
5,149055975,149056850,875,149056337
5,149527600,149529375,1775,149528412
5,149859925,149861975,2050,149860187
5,149920400,149922400,2000,149921012
5,149998200,149999050,850,149998587
5,150862175,150863075,900,150862262
5,151501550,151502450,900,151501962
5,151941825,151942475,650,151942237
5,152001575,152002775,1200,152002362
6,3645550,3646525,975,3646112
6,3826650,3827425,775,3827062
6,4696200,4698300,2100,4697387
6,4705075,4705850,775,4705587
6,4869075,4877650,8575,4874237
6,4879050,4879950,900,4879787
6,4941950,4942800,850,4942462
6,5104475,5105875,1400,5105162
6,5247675,5248575,900,5247812
6,5419750,5421500,1750,5420912
6,5430325,5431950,1625,5431212
6,5556975,5557925,950,5557462
6,5795575,5796775,1200,5796062
6,5800725,5801500,775,5801062
6,6088300,6089075,775,6088812
6,6092600,6093450,850,6093012
6,6827775,6828850,1075,6828612
6,8645450,8646175,725,8645762
6,9666350,9667075,725,9666412
6,10870450,10871450,1000,10870862
6,13476925,13477650,725,13477212
6,14450575,14451175,600,14450637
6,14452850,14454050,1200,14453412
6,16464925,16465925,1000,16465337
6,16683650,16684300,650,16683687
6,17631175,17632375,1200,17631912
6,17980075,17980825,750,17980362
6,17981250,17982250,1000,17981537
6,20571550,20572550,1000,20571837
6,20578425,20579250,825,20578737
6,20780275,20780875,600,20780762
6,21165875,21166650,775,21166537
6,22385250,22386075,825,22385512
6,22635675,22636600,925,22636262
6,23040175,23040925,750,23040787
6,23197400,23198050,650,23197912
6,23788175,23789375,1200,23788762
6,24146800,24147950,1150,24147712
6,24290550,24295325,4775,24293987
6,24905700,24906500,800,24905887
6,28084225,28085025,800,28084587
6,29007275,29008650,1375,29007812
6,29129025,29130125,1100,29129212
6,29578725,29579475,750,29578962
6,29697150,29699200,2050,29698587
6,30685550,30686275,725,30685737
6,30888150,30889150,1000,30888312
6,31573550,31574150,600,31573612
6,31574525,31575275,750,31574737
6,31784775,31785600,825,31784912
6,32620650,32622025,1375,32621237
6,32764775,32765750,975,32765362
6,32847275,32848100,825,32847612
6,34119750,34123500,3750,34121162
6,37622675,37627475,4800,37624587
6,37657425,37658900,1475,37657962
6,37669525,37671125,1600,37669862
6,37675475,37677275,1800,37676487
6,37698900,37699725,825,37699662
6,37700975,37701925,950,37700987
6,37711625,37712275,650,37711937
6,37713125,37713850,725,37713337
6,37759975,37762375,2400,37760587
6,37763175,37765200,2025,37763612
6,37767325,37768350,1025,37767462
6,37777500,37778625,1125,37777987
6,37801875,37810200,8325,37806987
6,37863075,37867050,3975,37865112
6,38004425,38005075,650,38004737
6,38182500,38183825,1325,38182887
6,38212600,38214300,1700,38213062
6,38295375,38296375,1000,38295512
6,38565775,38566425,650,38566337
6,39238750,39240775,2025,39239287
6,39389500,39390300,800,39390212
6,41491600,41494475,2875,41492062
6,42092250,42093225,975,42092562
6,47954525,47955475,950,47954887
6,48826075,48826800,725,48826312
6,49200550,49202200,1650,49201312
6,49205150,49208575,3425,49207637
6,49208800,49209725,925,49208862
6,49345200,49347450,2250,49346937
6,50562975,50565175,2200,50564312
6,50566025,50567550,1525,50566512
6,52037050,52037650,600,52037462
6,52099675,52100900,1225,52100112
6,52155200,52155900,700,52155412
6,52189725,52190775,1050,52189862
6,52280400,52281700,1300,52281012
6,52439250,52440200,950,52439712
6,53133850,53134775,925,53134237
6,53217100,53218150,1050,53217362
6,53487825,53489950,2125,53488087
6,54257250,54257875,625,54257312
6,54880000,54882800,2800,54880837
6,55718175,55719150,975,55718712
6,57754525,57755125,600,57754537
6,58835125,58836375,1250,58836337
6,58836750,58837675,925,58836762
6,60287050,60288600,1550,60287812
6,60290650,60293175,2525,60291637
6,60809750,60810350,600,60809937
6,64945150,64946050,900,64945187
6,64946800,64948125,1325,64947437
6,64949000,64950125,1125,64949037
6,64961075,64962300,1225,64961787
6,65199250,65200050,800,65199812
6,65601250,65602300,1050,65601687
6,66518650,66520975,2325,66520137
6,67513025,67513650,625,67513412
6,67612400,67613300,900,67612862
6,67810125,67810825,700,67810312
6,68520800,68521400,600,68520962
6,68741225,68742600,1375,68741912
6,70085775,70086775,1000,70086037
6,70886425,70887500,1075,70886437
6,71563475,71564525,1050,71563812
6,71883275,71885175,1900,71884012
6,71890200,71891500,1300,71890812
6,71966775,71967900,1125,71967087
6,72309500,72310325,825,72309737
6,72875750,72876925,1175,72876187
6,79194775,79195775,1000,79195162
6,80963700,80964300,600,80963837
6,81698075,81698925,850,81698212
6,82157725,82158375,650,82157862
6,82269775,82270500,725,82270262
6,82661175,82661825,650,82661637
6,82673700,82674825,1125,82674112
6,83034300,83035275,975,83035212
6,83052050,83052925,875,83052262
6,83676775,83678200,1425,83677537
6,84251850,84252600,750,84252162
6,85477950,85479100,1150,85478762
6,85834200,85835925,1725,85834462
6,85849025,85851075,2050,85849662
6,85857125,85858625,1500,85857937
6,85966250,85967625,1375,85966712
6,86460250,86460875,625,86460437
6,87422675,87423650,975,87423137
6,87511725,87512675,950,87512012
6,87925175,87925925,750,87925187
6,87972875,87973800,925,87972887
6,88164125,88165075,950,88164887
6,88655000,88656125,1125,88655712
6,88690250,88691225,975,88690387
6,89287650,89289000,1350,89288387
6,89739300,89740275,975,89739937
6,89800400,89801425,1025,89801162
6,89825800,89827175,1375,89826587
6,89832150,89833425,1275,89832687
6,90275625,90276400,775,90275662
6,90276625,90278350,1725,90277487
6,91665450,91666800,1350,91666262
6,91673275,91674650,1375,91673887
6,91944150,91945000,850,91944912
6,92220900,92221650,750,92221012
6,92907675,92908300,625,92907762
6,93226850,93227500,650,93227262
6,93574300,93575275,975,93574462
6,95075725,95076800,1075,95076337
6,95444900,95446525,1625,95445712
6,97336925,97337875,950,97337312
6,97610525,97611650,1125,97611587
6,97612050,97613400,1350,97612237
6,97620050,97620775,725,97620287
6,99486075,99488200,2125,99487312
6,99857800,99858475,675,99858137
6,99913700,99914475,775,99913937
6,100254725,100256950,2225,100256312
6,100424000,100424650,650,100424587
6,100428250,100429725,1475,100428812
6,102632700,102633525,825,102632737
6,102700625,102701475,850,102701262
6,106323925,106324775,850,106324087
6,107023450,107024600,1150,107024162
6,107184400,107185550,1150,107185062
6,112677950,112678725,775,112678587
6,114933725,114934325,600,114934312
6,115533475,115535250,1775,115534412
6,115959150,115960675,1525,115959862
6,116468325,116469400,1075,116469112
6,116470600,116471600,1000,116471012
6,116891500,116892425,925,116891887
6,120776950,120778025,1075,120777387
6,120782850,120785950,3100,120784237
6,122082550,122083250,700,122082787
6,122581575,122582275,700,122582012
6,122706275,122707350,1075,122707337
6,122965300,122966500,1200,122966112
6,123783700,123784675,975,123784137
6,124249250,124249975,725,124249487
6,124518075,124519000,925,124518237
6,124572550,124575050,2500,124574087
6,124916550,124920075,3525,124918787
6,124938700,124939850,1150,124939212
6,124946825,124948300,1475,124947562
6,125372375,125373325,950,125372662
6,127303725,127304950,1225,127304087
6,127818375,127819300,925,127818712
6,128682775,128684175,1400,128683412
6,128742450,128743450,1000,128743162
6,128773725,128774550,825,128774462
6,128885600,128887150,1550,128886212
6,128887575,128888450,875,128887837
6,128960875,128964125,3250,128961662
6,129030675,129033125,2450,129031187
6,129036675,129037325,650,129037037
6,129052250,129053525,1275,129053112
6,129053900,129055275,1375,129054687
6,129136300,129137075,775,129136862
6,130494100,130494800,700,130494662
6,131168900,131169900,1000,131169312
6,133368275,133369250,975,133368462
6,133973200,133974275,1075,133973662
6,134887400,134888000,600,134887412
6,135647650,135648550,900,135648237
6,136416750,136417625,875,136417462
6,136430625,136433750,3125,136431762
6,136435725,136437875,2150,136436912
6,136481625,136482425,800,136482037
6,136490675,136491450,775,136490862
6,136966375,136967800,1425,136967137
6,137509125,137510275,1150,137509787
6,137763650,137765075,1425,137764187
6,139526525,139527300,775,139526787
6,140668325,140669000,675,140668837
6,141212075,141213250,1175,141212412
6,141558775,141560400,1625,141559137
6,141560950,141562275,1325,141561862
6,143007525,143008600,1075,143008337
6,143171750,143173700,1950,143172212
6,143322350,143323700,1350,143323162
6,143461675,143462950,1275,143462187
6,143470450,143471250,800,143470962
6,144285775,144287625,1850,144287037
6,144982675,144983800,1125,144983137
6,145024450,145025400,950,145024912
6,145037700,145038400,700,145037887
6,145823225,145824025,800,145823387
6,146358650,146359925,1275,146359462
6,146662100,146663400,1300,146662537
6,148122675,148123625,950,148122987
6,149057525,149058725,1200,149058112
6,149139075,149139950,875,149139737
6,149149650,149150700,1050,149150537
6,149199925,149201450,1525,149201037
6,149263725,149264625,900,149264287
6,149314075,149315250,1175,149314912
6,149316225,149317000,775,149316412
6,149318250,149321450,3200,149320237
6,149322225,149323175,950,149322512
7,3605725,3606475,750,3606187
7,3852475,3854650,2175,3853412
7,4380125,4380775,650,4380162
7,4596350,4597275,925,4597112
7,5735300,5736250,950,5735812
7,5820100,5821125,1025,5820237
7,5859050,5861250,2200,5860562
7,6333175,6335900,2725,6334112
7,6731500,6732225,725,6731537
7,6881500,6882875,1375,6882112
7,9125950,9126925,975,9126237
7,10719375,10720375,1000,10720012
7,10853025,10853825,800,10853312
7,10915975,10917400,1425,10916612
7,10919425,10920275,850,10919637
7,11652300,11653275,975,11652812
7,12048325,12049675,1350,12048812
7,12207875,12210300,2425,12209012
7,12210700,12211700,1000,12211662
7,12432575,12433475,900,12433212
7,12870775,12871725,950,12871187
7,13018075,13019650,1575,13018687
7,13020150,13021875,1725,13020787
7,15219525,15220550,1025,15219987
7,16044275,16044900,625,16044862
7,17908800,17910325,1525,17909437
7,17911000,17912075,1075,17911787
7,18191125,18192075,950,18191662
7,18275775,18276725,950,18276587
7,18590600,18591350,750,18591012
7,18696800,18699025,2225,18697962
7,18699350,18701025,1675,18700062
7,18846325,18847375,1050,18846862
7,18894425,18895450,1025,18895062
7,18972700,18973400,700,18973387
7,19071925,19072600,675,19072162
7,23804550,23805500,950,23804762
7,23806775,23807650,875,23806787
7,23813950,23815200,1250,23814512
7,24292775,24295050,2275,24294237
7,24319450,24320175,725,24319687
7,24405050,24405975,925,24405312
7,24593825,24595575,1750,24594112
7,25244025,25246450,2425,25244837
7,25267925,25269150,1225,25268462
7,25277550,25278250,700,25278012
7,25283875,25284775,900,25284337
7,25396775,25397675,900,25396787
7,26205250,26206250,1000,26205762
7,26208675,26209325,650,26208737
7,26210075,26210975,900,26210612
7,26398425,26400750,2325,26399062
7,26400975,26406100,5125,26403112
7,26408025,26409525,1500,26408737
7,26412950,26414375,1425,26414112
7,26721650,26722400,750,26722287
7,26862250,26863000,750,26862487
7,27021150,27022575,1425,27022087
7,27465700,27467200,1500,27466337
7,27467750,27468425,675,27468387
7,27505275,27506450,1175,27505612
7,27696800,27697800,1000,27697037
7,27927575,27928525,950,27928137
7,28392675,28393350,675,28392687
7,28433750,28434500,750,28433887
7,28712625,28713575,950,28713187
7,28925225,28926300,1075,28925937
7,29348525,29349175,650,29349037
7,29440575,29441625,1050,29440937
7,29501475,29502350,875,29501987
7,29586450,29588350,1900,29587712
7,29590825,29596050,5225,29594862
7,29688550,29689250,700,29689162
7,29823925,29824575,650,29824487
7,29825575,29827250,1675,29826512
7,29920950,29922750,1800,29922487
7,30155275,30156175,900,30155687
7,30182725,30184025,1300,30183087
7,33735850,33737050,1200,33736662
7,33858725,33859375,650,33859112
7,34520400,34522275,1875,34520912
7,34827050,34828025,975,34827062
7,34892325,34893250,925,34893137
7,35236500,35238900,2400,35237412
7,39557375,39558950,1575,39558087
7,40672575,40673375,800,40672962
7,41359700,41360900,1200,41360087
7,42269600,42270600,1000,42269962
7,42350750,42353075,2325,42352237
7,42355200,42356175,975,42355962
7,42453275,42454450,1175,42453787
7,42488200,42489300,1100,42488687
7,42610000,42611025,1025,42610237
7,42739900,42740550,650,42740037
7,42746075,42746775,700,42746162
7,43107925,43110025,2100,43108862
7,43323950,43324950,1000,43324637
7,43947075,43948400,1325,43947437
7,44046875,44048525,1650,44047787
7,44158900,44160025,1125,44159812
7,44164425,44165425,1000,44164637
7,44995625,44996325,700,44996037
7,45274250,45274925,675,45274537
7,45326800,45327400,600,45326987
7,45567550,45568825,1275,45567962
7,45701050,45702000,950,45701062
7,46874675,46875975,1300,46875587
7,48269800,48270675,875,48270362
7,49801925,49802625,700,49802612
7,52033025,52033750,725,52033162
7,52594275,52598575,4300,52597612
7,55813325,55814525,1200,55813912
7,55822950,55824525,1575,55823562
7,55825725,55826700,975,55826112
7,58959800,58960400,600,58959987
7,59367950,59368950,1000,59368412
7,62227725,62228400,675,62227812
7,63633600,63634275,675,63634237
7,63637350,63638475,1125,63637762
7,63802600,63803400,800,63802612
7,64380625,64381800,1175,64381062
7,65695925,65696875,950,65696237
7,65721675,65723875,2200,65722087
7,65770825,65772050,1225,65771037
7,67041025,67041800,775,67041337
7,68407075,68408250,1175,68407812
7,71859575,71862075,2500,71859687
7,72033700,72034325,625,72033762
7,73244500,73245275,775,73245237
7,73472950,73474250,1300,73473462
7,73613550,73614350,800,73614262
7,73886450,73887325,875,73886462
7,75647525,75648425,900,75648387
7,75648725,75654025,5300,75650962
7,75672450,75673825,1375,75673387
7,75681125,75681975,850,75681462
7,75691525,75692325,800,75691562
7,75733100,75735150,2050,75734062
7,78769900,78772175,2275,78771462
7,78775350,78776525,1175,78776012
7,78926325,78927275,950,78926737
7,79088425,79091650,3225,79090712
7,79097125,79097850,725,79097612
7,79378825,79379450,625,79378862
7,79380700,79381900,1200,79381587
7,79389225,79389975,750,79389237
7,79490450,79491475,1025,79490812
7,79979850,79981600,1750,79980787
7,80666350,80667375,1025,80667037
7,81653850,81654625,775,81654187
7,82647375,82648575,1200,82647812
7,84351100,84351750,650,84351187
7,84767600,84768775,1175,84768362
7,86551825,86552850,1025,86552237
7,88510650,88511450,800,88510662
7,89145275,89148500,3225,89146337
7,89152275,89153425,1150,89152637
7,89196575,89197575,1000,89197387
7,89859575,89861175,1600,89859937
7,92744025,92744950,925,92744637
7,93026925,93028025,1100,93027337
7,96073600,96074575,975,96074062
7,96084375,96085900,1525,96085862
7,96190875,96192900,2025,96192187
7,96199600,96201875,2275,96200287
7,96765975,96766650,675,96765987
7,96957200,96958100,900,96957712
7,97676750,97678100,1350,97677462
7,97811150,97812125,975,97811562
7,97881175,97881775,600,97881462
7,97889000,97890325,1325,97889562
7,98038375,98038975,600,98038662
7,98620125,98621025,900,98620937
7,98844325,98845300,975,98844637
7,99286250,99287000,750,99286337
7,99820700,99822050,1350,99820737
7,101171125,101171850,725,101171287
7,101195125,101195775,650,101195412
7,102974375,102975300,925,102974487
7,107127300,107131475,4175,107129987
7,107209700,107211550,1850,107211362
7,107406075,107408950,2875,107407187
7,107981425,107983425,2000,107982637
7,108274250,108274925,675,108274387
7,108392000,108392825,825,108392462
7,108463975,108466050,2075,108465737
7,108727300,108728425,1125,108727812
7,108729025,108731675,2650,108731062
7,110419475,110420450,975,110419587
7,110440850,110441475,625,110440862
7,110796450,110797125,675,110796762
7,110801400,110802175,775,110801812
7,112218725,112219775,1050,112219212
7,112745500,112746500,1000,112746037
7,112834950,112836525,1575,112835662
7,113044700,113045800,1100,113045137
7,113048225,113049925,1700,113048812
7,113959200,113960125,925,113959462
7,114054425,114056025,1600,114055162
7,114206225,114207125,900,114207112
7,114365125,114366025,900,114365887
7,116523550,116524150,600,116523562
7,117899775,117901075,1300,117900112
7,117902000,117907050,5050,117905812
7,118064675,118066250,1575,118065287
7,118075850,118076650,800,118076287
7,118084150,118085050,900,118084687
7,118281575,118282700,1125,118281887
7,120400000,120400800,800,120400087
7,122270400,122271300,900,122271062
7,125237050,125237675,625,125237062
7,125325375,125326150,775,125325637
7,126009900,126010975,1075,126010962
7,126556800,126558050,1250,126557562
7,127012950,127013550,600,127013487
7,127027975,127030075,2100,127027987
7,127248900,127250150,1250,127249687
7,127251050,127252100,1050,127251212
7,127257350,127261175,3825,127258812
7,127401050,127403925,2875,127402337
7,127408575,127409500,925,127409187
7,130052325,130053400,1075,130052562
7,131333450,131334125,675,131333612
7,131344400,131346200,1800,131345287
7,131832450,131834175,1725,131833362
7,131838025,131838825,800,131838587
7,132155100,132155850,750,132155112
7,132878150,132879225,1075,132879137
7,132879625,132884100,4475,132881712
7,132885050,132886325,1275,132885362
7,132911525,132912900,1375,132912137
7,133151025,133151825,800,133151287
7,133280950,133281850,900,133281537
7,133374575,133375450,875,133375337
7,133839700,133840425,725,133839912
7,133843025,133844275,1250,133843662
7,134062450,134063750,1300,134063712
7,135572300,135573675,1375,135573187
7,136083425,136084725,1300,136084112
7,138105425,138106200,775,138105837
7,138534400,138535450,1050,138534962
7,138747000,138747600,600,138747112
7,139039375,139040850,1475,139040212
7,139275100,139275750,650,139275362
7,139278150,139280400,2250,139278887
7,139599750,139600575,825,139599762
7,139861350,139862125,775,139861562
7,139879675,139880450,775,139880012
7,140082900,140083575,675,140083087
7,142023600,142024425,825,142023837
7,142041500,142043550,2050,142041737
7,142045000,142047175,2175,142046762
7,142213875,142214775,900,142214512
7,142388050,142389025,975,142388387
7,142390025,142392650,2625,142390787
7,142479075,142480450,1375,142479587
7,143104150,143105150,1000,143104987
7,144946775,144947450,675,144947037
7,144949325,144950150,825,144949737
8,3545100,3546900,1800,3545312
8,4209425,4210375,950,4209787
8,4446275,4447250,975,4446937
8,4611350,4612475,1125,4611487
8,10667300,10668575,1275,10667312
8,11312700,11313625,925,11312712
8,11605450,11606525,1075,11605562
8,11607100,11609650,2550,11609337
8,11610025,11612950,2925,11610062
8,11873175,11874075,900,11873712
8,12018425,12020075,1650,12019087
8,12389900,12390550,650,12390312
8,12551100,12551975,875,12551587
8,13202850,13204100,1250,13203262
8,13983675,13984525,850,13984437
8,14288750,14289900,1150,14289537
8,15027750,15028400,650,15027762
8,18108100,18108950,850,18108762
8,18231950,18232775,825,18232462
8,18835275,18836750,1475,18836112
8,19535425,19536450,1025,19535987
8,19948075,19950075,2000,19949737
8,20398350,20399150,800,20398887
8,20431200,20432200,1000,20431712
8,23641300,23642100,800,23641837
8,23945450,23946775,1325,23946112
8,23947375,23950850,3475,23949187
8,23962300,23963600,1300,23963537
8,23999250,23999900,650,23999562
8,24014000,24014625,625,24014187
8,24015575,24016875,1300,24016212
8,24023675,24024850,1175,24024537
8,24523450,24524450,1000,24523962
8,25010250,25011075,825,25010512
8,25025150,25026900,1750,25026112
8,25030550,25031225,675,25030762
8,25506225,25506875,650,25506237
8,25821275,25822125,850,25821537
8,25825425,25826150,725,25825737
8,26594625,26595375,750,26594912
8,26801550,26803425,1875,26802687
8,26976750,26977400,650,26977112
8,27311850,27312575,725,27311887
8,27344100,27344800,700,27344487
8,27519875,27521425,1550,27520512
8,28686000,28687525,1525,28686387
8,28704100,28708400,4300,28707162
8,28732150,28733050,900,28732387
8,32555775,32556375,600,32556062
8,34687875,34689300,1425,34688662
8,35685325,35685925,600,35685512
8,36124575,36125575,1000,36125062
8,41922900,41923675,775,41923362
8,42124125,42125450,1325,42125012
8,42143350,42146325,2975,42145462
8,44819525,44820150,625,44819687
8,46559875,46560575,700,46560162
8,46660875,46661600,725,46661312
8,46940300,46941075,775,46941012
8,47428950,47429950,1000,47429212
8,47548050,47549025,975,47548912
8,47649825,47650825,1000,47650212
8,48439275,48440000,725,48439362
8,48911625,48912925,1300,48912087
8,48949550,48951075,1525,48950337
8,48953900,48954925,1025,48954112
8,49676025,49677300,1275,49676087
8,49679125,49680750,1625,49680037
8,49686950,49687725,775,49687312
8,49727025,49727875,850,49727687
8,53858350,53859175,825,53858812
8,58421500,58422425,925,58421987
8,59074250,59074900,650,59074387
8,59135150,59137875,2725,59135762
8,59918400,59919425,1025,59918612
8,60213575,60214800,1225,60214037
8,62028175,62029175,1000,62029137
8,63524950,63525625,675,63525387
8,63887450,63891200,3750,63890312
8,63898025,63900325,2300,63898887
8,64135950,64137425,1475,64136737
8,64263625,64264775,1150,64264437
8,64332350,64334000,1650,64333037
8,64630125,64630750,625,64630387
8,66605975,66606625,650,66606187
8,66741825,66742675,850,66741962
8,68113175,68113825,650,68113612
8,70304425,70305475,1050,70305237
8,71200950,71201725,775,71201262
8,71944425,71950125,5700,71947062
8,72309350,72310325,975,72309912
8,72809825,72811325,1500,72810612
8,73956700,73957575,875,73957062
8,74361675,74362675,1000,74361812
8,74376225,74377325,1100,74376937
8,74550825,74552625,1800,74551887
8,74883225,74883850,625,74883412
8,75741125,75741925,800,75741562
8,75887325,75888275,950,75887587
8,76140325,76141350,1025,76140887
8,76260700,76261650,950,76260962
8,76427725,76428325,600,76427837
8,77689500,77690375,875,77689787
8,77866025,77867125,1100,77867012
8,78143400,78144300,900,78143662
8,78163800,78164850,1050,78164062
8,78348600,78349450,850,78348837
8,78682450,78683400,950,78682837
8,80031825,80032800,975,80032237
8,80039000,80040275,1275,80039612
8,80342125,80342800,675,80342737
8,80343175,80347650,4475,80344137
8,80412850,80413975,1125,80413462
8,80434225,80434925,700,80434237
8,80815800,80816550,750,80816012
8,80908975,80911050,2075,80910162
8,80994850,80996300,1450,80995537
8,81033450,81036125,2675,81035237
8,81400150,81401275,1125,81400687
8,81402650,81403550,900,81403287
8,81409375,81410550,1175,81410262
8,81411775,81412825,1050,81412787
8,81457000,81458225,1225,81457412
8,81541850,81542450,600,81542412
8,82120525,82121300,775,82120887
8,82440275,82441375,1100,82441362
8,83265550,83266225,675,83265837
8,83774950,83776025,1075,83775512
8,85753650,85754725,1075,85754037
8,86368475,86369200,725,86368787
8,86626875,86627550,675,86627412
8,86646675,86647925,1250,86647087
8,88478450,88480075,1625,88479087
8,88576925,88577800,875,88577387
8,88591350,88592100,750,88591412
8,89268200,89269150,950,89269137
8,89286275,89287075,800,89286712
8,90361625,90362600,975,90362087
8,90450550,90451300,750,90450837
8,91343850,91344525,675,91344312
8,91516875,91518150,1275,91517462
8,93666700,93668875,2175,93667437
8,94693275,94694025,750,94693287
8,94935375,94936100,725,94935537
8,95245850,95247875,2025,95246037
8,97336825,97337800,975,97337162
8,97584650,97585700,1050,97584812
8,97719475,97720100,625,97719687
8,98241775,98242375,600,98242237
8,98459625,98460675,1050,98460062
8,100072675,100073450,775,100072837
8,102355100,102356100,1000,102355937
8,104894025,104894875,850,104894062
8,107161625,107162500,875,107162337
8,107253850,107255050,1200,107254962
8,107429625,107430775,1150,107429787
8,107672625,107673600,975,107672862
8,107897475,107898625,1150,107898137
8,109330325,109331875,1550,109331087
8,109387450,109388300,850,109388137
8,109391150,109391900,750,109391587
8,109412525,109413700,1175,109413087
8,111681275,111682275,1000,111681837
8,111805675,111806500,825,111805937
8,112627350,112628275,925,112627512
8,113397150,113398150,1000,113397737
8,114860450,114861175,725,114861062
8,115368400,115369500,1100,115368912
8,118433700,118434500,800,118433887
8,118591500,118592275,775,118592237
8,119402625,119403600,975,119403287
8,119554550,119556100,1550,119554987
8,119556925,119558700,1775,119558287
8,119681525,119682200,675,119681537
8,119780350,119782600,2250,119781837
8,119789025,119791975,2950,119789912
8,120523175,120523825,650,120523237
8,120585100,120586025,925,120585737
8,121686100,121686800,700,121686787
8,122224075,122225125,1050,122224537
8,122333150,122333950,800,122333612
8,122494375,122496100,1725,122495337
8,123077525,123078750,1225,123078137
8,123085425,123086950,1525,123086087
8,123224850,123225475,625,123225212
8,123969975,123971250,1275,123971062
8,125010475,125011150,675,125010562
8,125750500,125751825,1325,125751562
8,125989125,125989825,700,125989237
8,127011200,127012425,1225,127011962
8,127669050,127670025,975,127669512
8,127702600,127703625,1025,127703412
8,128245950,128246750,800,128246287
8,128514825,128515800,975,128514987
8,128522100,128523450,1350,128523412
8,128530600,128531475,875,128531312
8,128579700,128586250,6550,128585012
8,129491300,129492700,1400,129491987
8,129516225,129517225,1000,129516312
8,131631725,131632500,775,131632037
9,4083025,4084250,1225,4083412
9,4103600,4104575,975,4104287
9,4249275,4251175,1900,4250262
9,4260150,4261150,1000,4260662
9,5444075,5446075,2000,5444712
9,5532400,5534775,2375,5533612
9,5658300,5660000,1700,5658562
9,6823100,6824100,1000,6823587
9,6832700,6833675,975,6833537
9,7305800,7307025,1225,7306212
9,7389975,7390700,725,7390012
9,7500150,7500800,650,7500637
9,7797700,7798925,1225,7798912
9,8115450,8117175,1725,8116637
9,8117925,8120350,2425,8119062
9,8120925,8122025,1100,8121312
9,8544200,8544975,775,8544962
9,9414625,9415275,650,9414912
9,9886650,9887375,725,9887062
9,11341975,11343075,1100,11342312
9,11515175,11515825,650,11515487
9,11596625,11597225,600,11596762
9,11981900,11982925,1025,11982537
9,12405425,12406150,725,12405937
9,13814725,13816300,1575,13815662
9,14975675,14977475,1800,14976962
9,17381975,17382700,725,17382087
9,17848050,17848875,825,17848387
9,18846350,18847575,1225,18847012
9,19443900,19445100,1200,19444612
9,19514275,19516800,2525,19516162
9,19518075,19518925,850,19518912
9,19822200,19823250,1050,19822562
9,20149275,20150000,725,20149712
9,20634550,20635550,1000,20635037
9,20782500,20783825,1325,20783787
9,21611500,21612175,675,21611712
9,21628200,21629850,1650,21628987
9,21637150,21638400,1250,21637412
9,21739125,21739725,600,21739312
9,21889650,21890525,875,21889787
9,21910225,21912025,1800,21911512
9,21917050,21918350,1300,21917787
9,21926050,21927525,1475,21926862
9,21935025,21936150,1125,21935337
9,21936575,21939425,2850,21938612
9,21978975,21979825,850,21979487
9,22061775,22063550,1775,22062612
9,22067475,22068850,1375,22068037
9,24464725,24465700,975,24464912
9,24523875,24524700,825,24524587
9,25230850,25231650,800,25231112
9,25598200,25599025,825,25598662
9,25601075,25601775,700,25601487
9,26457225,26458350,1125,26457712
9,26617825,26618600,775,26618337
9,26698900,26699625,725,26698912
9,30344450,30346825,2375,30345987
9,30691875,30693475,1600,30692662
9,31869775,31871100,1325,31870312
9,32290100,32290975,875,32290312
9,36242775,36244825,2050,36243712
9,36636400,36637225,825,36636962
9,37080225,37081125,900,37080637
9,37087900,37089050,1150,37088512
9,37089525,37090775,1250,37089812
9,37140575,37141800,1225,37140862
9,37226575,37228375,1800,37227237
9,37533300,37534175,875,37533437
9,38159425,38160200,775,38159562
9,38176875,38177475,600,38177312
9,38381625,38382625,1000,38382387
9,38382875,38383875,1000,38383162
9,38630750,38631950,1200,38631337
9,41728300,41729225,925,41728787
9,42805450,42806450,1000,42805612
9,44038600,44039625,1025,44038787
9,44611575,44613150,1575,44612712
9,44916700,44917600,900,44917012
9,45181125,45182225,1100,45182087
9,46325675,46326625,950,46325937
9,46331350,46332325,975,46331737
9,46333525,46334950,1425,46333537
9,46336650,46337500,850,46337137
9,48054775,48056725,1950,48055037
9,48342550,48343225,675,48343212
9,48350375,48351475,1100,48350862
9,48587400,48589025,1625,48588087
9,49283825,49284650,825,49284212
9,50312750,50313875,1125,50313587
9,51517675,51518625,950,51517937
9,53533475,53534175,700,53533887
9,53798950,53799675,725,53799537
9,53804125,53804725,600,53804287
9,53818600,53819950,1350,53819137
9,53905725,53907025,1300,53906662
9,54497075,54498325,1250,54497737
9,54563250,54564425,1175,54563412
9,55339100,55339775,675,55339112
9,55341750,55342400,650,55342112
9,56594150,56595150,1000,56594612
9,56993925,56995150,1225,56994312
9,57288125,57289950,1825,57289087
9,57802125,57803900,1775,57802587
9,58078750,58079500,750,58078762
9,58237975,58238675,700,58238012
9,58522900,58524450,1550,58524162
9,58549750,58550775,1025,58550262
9,58620650,58621925,1275,58621112
9,59167500,59168200,700,59168162
9,60531175,60532275,1100,60531637
9,61021475,61022300,825,61021712
9,61062900,61063775,875,61063312
9,61170650,61171800,1150,61171012
9,61233800,61234675,875,61233912
9,61344450,61345700,1250,61345112
9,61666750,61667975,1225,61667137
9,62517000,62517800,800,62517237
9,63817925,63819575,1650,63818887
9,64178500,64179275,775,64178962
9,64183925,64184750,825,64184187
9,65004650,65005950,1300,65004962
9,65188025,65189725,1700,65188812
9,66833800,66834650,850,66834237
9,67403775,67404975,1200,67404262
9,67450050,67451575,1525,67450737
9,68600475,68601100,625,68600812
9,69257150,69258750,1600,69258137
9,69884475,69885175,700,69885162
9,71014150,71015250,1100,71014312
9,71909100,71910025,925,71909312
9,72071125,72072725,1600,72072687
9,72954600,72955600,1000,72954912
9,72968225,72969250,1025,72968687
9,73135250,73136250,1000,73135662
9,74648725,74649375,650,74649187
9,74650000,74650800,800,74650012
9,75411725,75412650,925,75411812
9,75476625,75477675,1050,75477487
9,75515475,75516325,850,75515837
9,77958300,77958900,600,77958587
9,78227725,78229075,1350,78228512
9,78266450,78267275,825,78266687
9,79820850,79823250,2400,79822337
9,79832925,79834050,1125,79833262
9,79850350,79851600,1250,79850787
9,81709825,81710750,925,81710112
9,82941975,82943425,1450,82942812
9,83602075,83603275,1200,83602887
9,84038300,84039350,1050,84038837
9,84298750,84299350,600,84299112
9,84641425,84642175,750,84641662
9,85639875,85640925,1050,85640637
9,85716000,85716850,850,85716287
9,86492100,86493025,925,86492837
9,86866675,86867350,675,86866987
9,86988275,86989225,950,86988562
9,86989825,86991200,1375,86990562
9,87527100,87528800,1700,87527687
9,88449500,88450375,875,88449812
9,89676200,89678250,2050,89677862
9,92042325,92043175,850,92042762
9,92046650,92047625,975,92047162
9,92213175,92214175,1000,92213587
9,92346300,92347125,825,92346487
9,92435950,92436625,675,92436162
9,92458350,92459175,825,92458687
9,93195075,93195875,800,93195562
9,93447025,93447675,650,93447362
9,95215525,95216575,1050,95215912
9,95484450,95486900,2450,95485212
9,95900500,95901900,1400,95901262
9,95964275,95965200,925,95964637
9,96623600,96624475,875,96623762
9,96661125,96661825,700,96661787
9,96662325,96663275,950,96662562
9,96855025,96856450,1425,96855637
9,99200525,99203400,2875,99202262
9,99544225,99545150,925,99544612
9,101148100,101148700,600,101148337
9,101568400,101569225,825,101568487
9,102866025,102867100,1075,102866462
9,102969750,102971200,1450,102970687
9,103528525,103530550,2025,103529762
9,105464350,105465350,1000,105464662
9,105469550,105470700,1150,105469737
9,105694125,105694875,750,105694387
9,105698025,105698975,950,105698312
9,109032125,109034050,1925,109032512
9,109399800,109400850,1050,109400637
9,110587400,110588750,1350,110588137
9,110787550,110788150,600,110788087
9,110812525,110815225,2700,110814287
9,110821525,110822950,1425,110822062
9,111351650,111352650,1000,111352012
9,112626750,112627750,1000,112626912
9,112963650,112964300,650,112964112
9,113905650,113906700,1050,113906287
9,114082775,114083950,1175,114083162
9,114258250,114261025,2775,114261012
9,114263850,114266125,2275,114265612
9,114727925,114728550,625,114728212
9,114790350,114792550,2200,114792137
9,114815225,114816000,775,114815837
9,114817925,114818875,950,114818312
9,115003575,115004375,800,115003712
9,115018275,115019875,1600,115019062
9,115390450,115391075,625,115390662
9,115573375,115574625,1250,115573937
9,115592675,115594300,1625,115593312
9,116022900,116023625,725,116023362
9,116160075,116160900,825,116160687
9,117983225,117983875,650,117983562
9,117990675,117991325,650,117990837
9,117993525,117994300,775,117993962
9,118055825,118056875,1050,118056437
9,118251350,118254000,2650,118252637
9,118629300,118630200,900,118629687
9,119426775,119427775,1000,119426862
9,119709100,119709800,700,119709187
9,119724550,119725700,1150,119724862
9,120151800,120152675,875,120152612
9,120355150,120355950,800,120355662
9,120481900,120482750,850,120482237
9,120872650,120873625,975,120872912
9,121166150,121171350,5200,121168962
9,121176750,121180875,4125,121178187
9,121253450,121255275,1825,121254512
9,121262000,121264225,2225,121262862
9,121464100,121464950,850,121464562
9,122125325,122126400,1075,122125762
9,122417250,122418175,925,122417837
9,122704825,122708175,3350,122706512
9,122709100,122712250,3150,122710337
9,122715200,122715825,625,122715262
9,122734800,122735700,900,122735512
9,123046950,123048025,1075,123047312
9,123108375,123109800,1425,123108537
9,123773125,123774450,1325,123774187
9,123776500,123780350,3850,123779362
9,123781425,123782900,1475,123782662
9,123783800,123786425,2625,123785412
10,6979625,6980475,850,6979662
10,7071025,7071850,825,7071562
10,7854800,7855700,900,7855112
10,8324650,8325525,875,8325012
10,9536150,9536900,750,9536512
10,9543475,9544850,1375,9544187
10,10247600,10248725,1125,10248137
10,10945050,10945975,925,10945612
10,10950400,10953525,3125,10951887
10,11154625,11155650,1025,11154962
10,11489425,11492000,2575,11490737
10,11492625,11493850,1225,11493287
10,11593825,11594825,1000,11594087
10,12780150,12782375,2225,12781037
10,14234800,14235800,1000,14235237
10,14274825,14275525,700,14275437
10,14303825,14305375,1550,14304387
10,14655625,14657350,1725,14656387
10,16867675,16868950,1275,16868362
10,17191250,17191875,625,17191362
10,17194150,17194950,800,17194337
10,17773175,17774150,975,17773712
10,17777800,17778750,950,17778037
10,17926675,17928225,1550,17927587
10,17958925,17960675,1750,17959462
10,18022000,18022600,600,18022137
10,18110500,18111100,600,18110512
10,18349375,18350575,1200,18349762
10,19046250,19047250,1000,19046562
10,19540175,19541525,1350,19540462
10,19623125,19623925,800,19623562
10,19698875,19699875,1000,19699212
10,19706975,19707575,600,19707537
10,20735425,20736625,1200,20735837
10,21338750,21340100,1350,21339337
10,21445300,21446325,1025,21445937
10,22034850,22035775,925,22035287
10,22159600,22160750,1150,22160362
10,22661825,22662825,1000,22662362
10,23567875,23568775,900,23568612
10,24014275,24015025,750,24014662
10,24375225,24375925,700,24375437
10,24526875,24527825,950,24527312
10,24549550,24551100,1550,24550362
10,25471275,25472325,1050,25471612
10,26062975,26063700,725,26063437
10,26277000,26277750,750,26277187
10,26297175,26298075,900,26297637
10,26305550,26306200,650,26305687
10,26343600,26344525,925,26343662
10,26422400,26423300,900,26422462
10,26625900,26627550,1650,26627187
10,26628325,26629100,775,26628837
10,27683450,27686125,2675,27685262
10,27704275,27705525,1250,27705012
10,28703425,28704325,900,28704012
10,28885550,28887250,1700,28886387
10,30317750,30319250,1500,30318387
10,30502425,30503650,1225,30502962
10,31298375,31299600,1225,31299262
10,32625225,32626050,825,32625662
10,32628975,32629825,850,32629237
10,32647625,32649325,1700,32648362
10,33435125,33436900,1775,33435562
10,33573525,33574425,900,33573712
10,33581425,33582375,950,33581712
10,33887375,33888275,900,33887587
10,33888550,33890050,1500,33889137
10,34122950,34123875,925,34123237
10,34577500,34579825,2325,34579237
10,34706125,34707000,875,34706537
10,34707725,34709100,1375,34708112
10,36196200,36197225,1025,36196887
10,36301950,36303500,1550,36302537
10,36538850,36539975,1125,36539062
10,36613100,36613825,725,36613687
10,37543075,37543975,900,37543312
10,38296550,38298525,1975,38298062
10,38910325,38911450,1125,38911437
10,38918450,38919600,1150,38919412
10,39282525,39285525,3000,39283162
10,39448175,39450450,2275,39449687
10,39453900,39456550,2650,39454737
10,39665675,39666550,875,39666387
10,39909925,39912275,2350,39910712
10,40015075,40016575,1500,40015737
10,40354025,40355650,1625,40354162
10,41097850,41098900,1050,41098262
10,41463075,41464575,1500,41463862
10,41473050,41474525,1475,41473737
10,41474750,41475425,675,41474937
10,41477775,41482975,5200,41482237
10,41483375,41494650,11275,41490987
10,41628175,41629625,1450,41628187
10,41641475,41642175,700,41641712
10,41646750,41647500,750,41647287
10,41972850,41974000,1150,41973587
10,41974600,41975650,1050,41975062
10,42710050,42710925,875,42710437
10,42862250,42863300,1050,42863287
10,43259775,43260725,950,43260437
10,43564375,43565850,1475,43565012
10,43568400,43570400,2000,43569362
10,43935575,43937050,1475,43936262
10,44939100,44940150,1050,44939437
10,45024325,45025025,700,45024337
10,46238075,46239050,975,46238212
10,49593675,49594925,1250,49594537
10,51366075,51366725,650,51366087
10,52839875,52842725,2850,52840737
10,53185400,53186025,625,53185587
10,53439300,53440350,1050,53439612
10,54220700,54222450,1750,54221612
10,58941025,58942175,1150,58941737
10,59345925,59346725,800,59346512
10,59535975,59536650,675,59536462
10,59562875,59563600,725,59563537
10,59567850,59570675,2825,59569937
10,60108425,60114975,6550,60110912
10,60137075,60138000,925,60137187
10,60451375,60452475,1100,60451862
10,60470425,60471675,1250,60471212
10,60983950,60985325,1375,60984812
10,61423850,61425325,1475,61424487
10,62362450,62363250,800,62362462
10,62497725,62499325,1600,62498562
10,62506350,62507400,1050,62507187
10,62575500,62578575,3075,62575512
10,62748575,62749575,1000,62749137
10,62752450,62755225,2775,62754462
10,62758400,62759375,975,62759087
10,66116625,66117575,950,66116737
10,66124775,66126275,1500,66125462
10,66384200,66385300,1100,66384862
10,66395050,66396700,1650,66395862
10,66671300,66672925,1625,66672112
10,68430675,68432650,1975,68432187
10,68607950,68609225,1275,68608487
10,68793550,68795050,1500,68794412
10,69466075,69467000,925,69466137
10,69497200,69497850,650,69497437
10,69720025,69720650,625,69720162
10,69730500,69731900,1400,69731112
10,69782850,69783525,675,69782912
10,70185850,70186675,825,70186212
10,70231925,70232900,975,70232062
10,70237425,70238950,1525,70238162
10,70285725,70287850,2125,70286487
10,70554275,70555225,950,70554737
10,70842925,70846150,3225,70845237
10,71094025,71094775,750,71094187
10,74318675,74319500,825,74319012
10,75302450,75303475,1025,75303112
10,75305550,75306575,1025,75305737
10,75463400,75464400,1000,75463862
10,76362150,76363800,1650,76362987
10,76367700,76368600,900,76368087
10,77421625,77423675,2050,77422712
10,77428800,77429900,1100,77429662
10,78226200,78226900,700,78226562
10,78443450,78444825,1375,78444137
10,78741150,78742025,875,78741662
10,78803725,78805025,1300,78804112
10,78827900,78828825,925,78828312
10,78902225,78903275,1050,78902362
10,78908500,78909775,1275,78909112
10,79140650,79145925,5275,79141887
10,79394550,79395450,900,79394737
10,81058500,81063125,4625,81060062
10,81480925,81481600,675,81481562
10,81651300,81652525,1225,81652512
10,81660875,81661950,1075,81661337
10,81681475,81682200,725,81681762
10,82256475,82257500,1025,82257037
10,82367400,82369175,1775,82368437
10,82415900,82416650,750,82415912
10,82766625,82767575,950,82767312
10,82793925,82796800,2875,82796037
10,82798075,82799075,1000,82798462
10,82799725,82802500,2775,82801362
10,82802875,82816025,13150,82813987
10,82822600,82823850,1250,82822912
10,82826275,82830350,4075,82827487
10,82834425,82849725,15300,82836862
10,82853800,82862725,8925,82854962
10,82863825,82867200,3375,82864812
10,82867725,82875400,7675,82868712
10,82877750,82880825,3075,82878437
10,82882700,82884350,1650,82883462
10,82884650,82888525,3875,82885087
10,82889250,82890150,900,82889562
10,82902250,82902875,625,82902662
10,82904650,82910950,6300,82906262
10,82911700,82913900,2200,82912162
10,84476275,84477575,1300,84477187
10,84478000,84480825,2825,84478012
10,84484725,84485875,1150,84485237
10,84490100,84490950,850,84490912
10,84497625,84498275,650,84497712
10,84499975,84501075,1100,84500537
10,84508300,84509275,975,84508687
10,84639075,84641875,2800,84641087
10,84816925,84817600,675,84817437
10,84938900,84939525,625,84938937
10,85028375,85029000,625,85028412
10,85258825,85259675,850,85259237
10,86571350,86572175,825,86571637
10,87368225,87368875,650,87368412
10,88054175,88055375,1200,88054612
10,88079425,88080800,1375,88080187
10,88087925,88089350,1425,88088387
10,88101125,88101850,725,88101437
10,88898775,88900450,1675,88899612
10,89564975,89565875,900,89565287
10,90630900,90631575,675,90630937
10,92784025,92786275,2250,92785737
10,92793025,92793800,775,92793587
10,93043700,93044300,600,93044012
10,93263850,93264625,775,93263862
10,93791700,93792475,775,93791962
10,94384075,94385125,1050,94384687
10,95309525,95312275,2750,95312012
10,95315375,95318075,2700,95316312
10,95319325,95320525,1200,95319912
10,95621100,95622075,975,95621512
10,95629300,95630375,1075,95630012
10,95630675,95631550,875,95630812
10,96343600,96345150,1550,96344162
10,96348425,96349250,825,96348812
10,96991175,96992200,1025,96992012
10,97122600,97123200,600,97123187
10,98533075,98534450,1375,98533662
10,98776100,98777175,1075,98776462
10,98974675,98975675,1000,98975237
10,98981775,98983150,1375,98982212
10,99445100,99446150,1050,99445662
10,100007550,100008750,1200,100008062
10,100013375,100015375,2000,100014112
10,104977400,104978125,725,104977912
10,106769600,106770400,800,106769837
10,108964200,108964900,700,108964387
10,110313300,110315575,2275,110314237
10,110316875,110317875,1000,110317037
10,110402700,110404350,1650,110403512
10,110407000,110409075,2075,110407512
10,111314550,111317825,3275,111315412
10,112331050,112332050,1000,112331712
10,115842625,115843650,1025,115843437
10,115876900,115878550,1650,115877137
10,116344625,116345525,900,116345062
10,117152325,117154850,2525,117153537
10,117527800,117528425,625,117528412
10,118262375,118264600,2225,118263512
10,118748675,118749300,625,118748812
10,119518425,119519025,600,119518662
10,119575250,119577450,2200,119575937
10,119877900,119879300,1400,119878837
10,119955150,119956300,1150,119955912
10,120566700,120567600,900,120567037
10,120853000,120855450,2450,120853862
10,120858175,120858975,800,120858362
10,121012300,121013625,1325,121012987
10,121424975,121426050,1075,121425487
10,121490525,121491625,1100,121491087
10,121542900,121543550,650,121543487
10,121907500,121908975,1475,121908312
10,121927175,121928050,875,121927662
10,122472800,122473725,925,122473012
10,123260425,123261575,1150,123261112
10,126291375,126292300,925,126291487
10,126323075,126323925,850,126323462
10,126697325,126699175,1850,126697962
10,126936725,126937350,625,126936862
10,127186900,127187925,1025,127187012
10,127220375,127221900,1525,127221187
10,127231700,127232975,1275,127232062
10,127364475,127365250,775,127364612
10,128409675,128410400,725,128410137
10,129820050,129821025,975,129820387
10,129946550,129948650,2100,129947862
11,3180850,3182400,1550,3181662
11,3948175,3949025,850,3948512
11,4565125,4566100,975,4565762
11,4847975,4849025,1050,4848087
11,5404500,5405250,750,5405187
11,5740050,5742250,2200,5741637
11,5743075,5743775,700,5743237
11,5832025,5833275,1250,5832587
11,5843800,5844950,1150,5843812
11,5964800,5965850,1050,5965137
11,6048425,6050375,1950,6049262
11,6427275,6428300,1025,6427987
11,6607500,6608725,1225,6608062
11,6609225,6609900,675,6609862
11,6676625,6677300,675,6676912
11,6687775,6690125,2350,6687812
11,6701875,6702925,1050,6702512
11,6708750,6709725,975,6709362
11,6745975,6748025,2050,6746387
11,6753025,6753850,825,6753387
11,6781100,6782725,1625,6781737
11,6790050,6792550,2500,6791162
11,6963250,6964400,1150,6964112
11,7312875,7314675,1800,7313862
11,7435750,7436700,950,7436687
11,7827475,7828325,850,7828087
11,7938000,7938700,700,7938237
11,8506525,8507525,1000,8506762
11,8577400,8579450,2050,8578687
11,8634175,8635400,1225,8634862
11,9133175,9134050,875,9133887
11,9788875,9789975,1100,9789062
11,9876175,9876850,675,9876662
11,10199025,10199875,850,10199312
11,11016150,11016950,800,11016262
11,11723825,11724550,725,11724462
11,11725150,11728875,3725,11728562
11,11926100,11927550,1450,11926712
11,11936750,11937650,900,11937587
11,12289675,12290750,1075,12290387
11,12291125,12292000,875,12291137
11,12811325,12813350,2025,12811662
11,12813675,12814700,1025,12814437
11,12904150,12904825,675,12904312
11,12914450,12915250,800,12914812
11,13877400,13878525,1125,13878187
11,14799975,14800675,700,14800512
11,16425875,16427100,1225,16426662
11,17830075,17830725,650,17830237
11,17836300,17837300,1000,17836662
11,17837625,17841500,3875,17839737
11,17863600,17864275,675,17863812
11,17873650,17874700,1050,17874337
11,18970950,18973650,2700,18971387
11,19236825,19240925,4100,19240237
11,19693600,19694450,850,19694312
11,19845400,19846000,600,19845587
11,19916575,19923900,7325,19921487
11,20028175,20029950,1775,20028262
11,20063900,20064725,825,20064387
11,20291175,20292025,850,20291812
11,20309775,20310425,650,20310012
11,20310975,20311975,1000,20311512
11,20317575,20319375,1800,20318162
11,20408175,20408850,675,20408537
11,20411650,20416425,4775,20412287
11,20421025,20421975,950,20421562
11,20683975,20685400,1425,20684537
11,20869050,20870450,1400,20869537
11,21088500,21089775,1275,21089212
11,22376625,22377225,600,22376662
11,22424600,22425925,1325,22425162
11,22426225,22427100,875,22426362
11,22476650,22477825,1175,22477337
11,22483050,22484700,1650,22483737
11,22496325,22497350,1025,22496662
11,22499250,22499950,700,22499812
11,22503275,22504525,1250,22504112
11,22504900,22506025,1125,22505962
11,22512850,22514875,2025,22514087
11,22871025,22871725,700,22871712
11,22873650,22874550,900,22874062
11,23019700,23020400,700,23020262
11,23085250,23086150,900,23085612
11,23117825,23118625,800,23118062
11,23404150,23405125,975,23404837
11,23976825,23977650,825,23977237
11,26268975,26269675,700,26269412
11,26275475,26276175,700,26275662
11,27122300,27123000,700,27122362
11,27212350,27213075,725,27212512
11,27857150,27857875,725,27857487
11,27934700,27935875,1175,27935062
11,27938850,27939900,1050,27939137
11,27941300,27941900,600,27941737
11,28068975,28069750,775,28069537
11,28086775,28088925,2150,28087037
11,28271925,28273075,1150,28272712
11,29061825,29063625,1800,29063262
11,29066425,29068300,1875,29067312
11,29496600,29497200,600,29496612
11,29577875,29578900,1025,29578612
11,29580300,29581575,1275,29580487
11,29724425,29725225,800,29724937
11,29860525,29861175,650,29860637
11,30219100,30219975,875,30219562
11,30387600,30388950,1350,30388287
11,30393100,30396025,2925,30394062
11,30397550,30398325,775,30397587
11,30620250,30621250,1000,30620562
11,30641125,30643275,2150,30643262
11,30658750,30661075,2325,30660362
11,31268675,31269650,975,31269362
11,31346325,31347475,1150,31346887
11,31672450,31673750,1300,31673337
11,31682425,31683025,600,31682512
11,31879225,31880125,900,31879712
11,31881525,31882500,975,31882237
11,32247800,32248525,725,32247962
11,33100300,33101275,975,33100812
11,33397900,33398900,1000,33398437
11,34438400,34440650,2250,34439687
11,34964600,34965425,825,34965037
11,40412600,40413250,650,40413087
11,40543150,40544500,1350,40543662
11,43146125,43147025,900,43146362
11,43473675,43474350,675,43474012
11,43482875,43483525,650,43483137
11,43501900,43503250,1350,43502737
11,43507250,43508450,1200,43507862
11,45612150,45612875,725,45612287
11,45808450,45809150,700,45808812
11,45822750,45824625,1875,45823212
11,45857675,45858475,800,45857937
11,45920400,45921025,625,45920412
11,45951300,45952750,1450,45951537
11,45960350,45961975,1625,45961812
11,46100850,46101750,900,46100987
11,48543375,48544950,1575,48544537
11,48644175,48644825,650,48644337
11,49296000,49297175,1175,49296487
11,50741800,50742800,1000,50742612
11,51280075,51281375,1300,51280537
11,51298750,51299675,925,51298787
11,51513625,51514775,1150,51514037
11,52199850,52201850,2000,52201587
11,52355450,52356400,950,52355487
11,52453850,52455250,1400,52454862
11,53321600,53322900,1300,53322387
11,53944175,53945075,900,53944512
11,54281800,54282500,700,54281987
11,54417550,54418350,800,54417912
11,54418600,54419875,1275,54419412
11,54426925,54428975,2050,54427487
11,54596625,54597300,675,54596962
11,54690700,54692400,1700,54690937
11,54700325,54701050,725,54700687
11,55659100,55660375,1275,55659512
11,57783700,57784825,1125,57784537
11,58533975,58534975,1000,58534662
11,59123200,59124075,875,59123737
11,59779675,59780575,900,59780487
11,59921575,59922425,850,59922187
11,61111825,61114175,2350,61112312
11,61121000,61121625,625,61121587
11,61206375,61207125,750,61206637
11,61768275,61769450,1175,61768562
11,62065450,62066200,750,62065687
11,62321275,62326725,5450,62323762
11,62613975,62614900,925,62614087
11,63016525,63017900,1375,63017187
11,63088525,63089225,700,63088987
11,63273775,63274925,1150,63274262
11,63283075,63283900,825,63283437
11,63737250,63738250,1000,63737362
11,66342325,66343075,750,66342912
11,66514275,66515675,1400,66515137
11,66752675,66753475,800,66753262
11,66763000,66764000,1000,66763237
11,66771350,66772650,1300,66771362
11,66821975,66823075,1100,66822487
11,67270875,67271525,650,67271437
11,67835300,67835975,675,67835737
11,68937300,68938250,950,68938162
11,69420775,69421525,750,69421487
11,69782025,69782825,800,69782637
11,70030075,70031350,1275,70031062
11,70183050,70183950,900,70183137
11,70468850,70471050,2200,70470237
11,70649625,70650700,1075,70649987
11,71565675,71567275,1600,71567262
11,72105600,72106575,975,72105887
11,72107625,72108275,650,72107737
11,72114575,72115500,925,72115087
11,73136950,73137650,700,73136962
11,73649350,73650475,1125,73649887
11,73944200,73945000,800,73944687
11,73957825,73958550,725,73958087
11,74352525,74353275,750,74352762
11,74355075,74356575,1500,74355837
11,74361725,74362725,1000,74362112
11,74700000,74700675,675,74700062
11,75009450,75011325,1875,75009937
11,75611050,75611775,725,75611212
11,75964925,75965950,1025,75965412
11,76662325,76663400,1075,76662612
11,77626625,77627650,1025,77626762
11,78805150,78806850,1700,78806062
11,78811400,78812400,1000,78812187
11,78812625,78813875,1250,78813112
11,79048250,79048900,650,79048287
11,79053100,79054725,1625,79053937
11,79561775,79563350,1575,79562437
11,79793500,79795200,1700,79794262
11,79970700,79971425,725,79970737
11,80948400,80949425,1025,80949037
11,80967400,80968075,675,80967887
11,81360775,81361550,775,81361187
11,82202500,82204025,1525,82203562
11,82448550,82449650,1100,82448787
11,82900675,82901300,625,82900812
11,83049675,83050625,950,83049912
11,83257800,83258675,875,83257812
11,84342625,84343250,625,84342862
11,84883900,84885575,1675,84884662
11,85100600,85101600,1000,85101137
11,85648800,85650075,1275,85648937
11,86020175,86021475,1300,86020812
11,86666575,86667200,625,86666762
11,86889450,86890100,650,86889912
11,87173925,87174850,925,87174662
11,87293200,87294575,1375,87293987
11,87432450,87433075,625,87433037
11,88734100,88737025,2925,88736162
11,88739125,88740150,1025,88739687
11,88740600,88741225,625,88740612
11,90502900,90503875,975,90503437
11,94936100,94937100,1000,94936312
11,95517475,95518725,1250,95518362
11,95811575,95813625,2050,95812712
11,97178800,97179650,850,97179287
11,98622775,98624800,2025,98623212
11,98857675,98858375,700,98857937
11,100477300,100478625,1325,100477962
11,100485600,100486900,1300,100486287
11,100895350,100896600,1250,100895762
11,101423925,101424900,975,101424662
11,101439650,101440550,900,101440112
11,101962250,101962950,700,101962437
11,102148800,102149700,900,102149462
11,102262775,102263625,850,102262987
11,102519400,102520300,900,102519837
11,103165050,103166025,975,103165237
11,103264100,103265075,975,103264512
11,103396650,103397625,975,103397087
11,103465550,103466500,950,103465837
11,103565900,103566925,1025,103565987
11,104048250,104048900,650,104048887
11,104678300,104679300,1000,104678787
11,104980975,104982350,1375,104981362
11,106108000,106108700,700,106108287
11,106323475,106324450,975,106323737
11,106447125,106449125,2000,106448937
11,107384350,107387225,2875,107385112
11,107610250,107610900,650,107610587
11,108158575,108159500,925,108159387
11,109716675,109717325,650,109717062
11,110074550,110075600,1050,110075212
11,111038475,111039200,725,111038737
11,113017225,113017875,650,113017412
11,113435225,113436200,975,113435412
11,114381250,114381850,600,114381262
11,114385575,114387100,1525,114386312
11,114602425,114603375,950,114602762
11,115082400,115083350,950,115082487
11,115256200,115256925,725,115256637
11,116204850,116205550,700,116205037
11,116349100,116349875,775,116349112
11,116526975,116527600,625,116527387
11,116667600,116668475,875,116667987
11,116718575,116719750,1175,116719162
11,116998025,116998625,600,116998362
11,117314125,117316175,2050,117315337
11,117320975,117322400,1425,117321437
11,117343450,117344950,1500,117343712
11,117847200,117849375,2175,117848362
11,118171100,118171925,825,118171337
11,118385400,118386550,1150,118386337
11,118894450,118895175,725,118894512
11,119363250,119364050,800,119363337
11,119759150,119760175,1025,119759562
11,119894700,119896300,1600,119895612
11,120135100,120136850,1750,120136012
11,120151175,120152050,875,120151737
11,120162275,120164525,2250,120163837
11,120703425,120704025,600,120703837
11,120885150,120886225,1075,120885587
11,121124725,121126700,1975,121126312
11,121767250,121768050,800,121767637
12,3236675,3240800,4125,3237137
12,3337775,3338675,900,3338312
12,3365550,3366350,800,3365887
12,3534325,3535925,1600,3535437
12,4575075,4575925,850,4575462
12,5080900,5081575,675,5081387
12,5094725,5095650,925,5095112
12,8324500,8325300,800,8325237
12,8326300,8327875,1575,8327762
12,8615750,8616475,725,8616137
12,8645700,8646750,1050,8646412
12,12951525,12952450,925,12952037
12,14175050,14176050,1000,14175762
12,14626850,14627675,825,14626987
12,15841000,15841925,925,15841537
12,16836825,16837625,800,16836887
12,17189825,17190725,900,17190362
12,17491200,17492250,1050,17491737
12,18300650,18301425,775,18300662
12,18395000,18397125,2125,18395937
12,18399775,18400525,750,18400212
12,18403525,18405100,1575,18404287
12,19063350,19064075,725,19063412
12,19959150,19959775,625,19959437
12,20476675,20481200,4525,20480237
12,20891350,20893325,1975,20892462
12,20907425,20908175,750,20907737
12,21029575,21031025,1450,21030312
12,21052450,21053750,1300,21052987
12,21060500,21061750,1250,21060912
12,21076525,21077150,625,21076712
12,21093650,21094375,725,21093937
12,21141775,21143475,1700,21142537
12,21160675,21161750,1075,21160937
12,21358475,21359175,700,21358762
12,21597775,21599025,1250,21598112
12,27120150,27121000,850,27120312
12,29320150,29321350,1200,29320837
12,29383575,29385650,2075,29384137
12,29400275,29400975,700,29400537
12,30523950,30525100,1150,30524512
12,30646450,30648750,2300,30647537
12,30656800,30657400,600,30656812
12,31951225,31952050,825,31951587
12,32676850,32677450,600,32677412
12,34543175,34544200,1025,34543587
12,36612175,36615325,3150,36613012
12,38168425,38169600,1175,38168712
12,39239625,39241350,1725,39241137
12,40907725,40908725,1000,40907812
12,40909900,40910575,675,40910262
12,40911100,40912525,1425,40912087
12,40919350,40920500,1150,40919887
12,41495950,41496600,650,41495962
12,43005625,43006675,1050,43006237
12,45352625,45353475,850,45352787
12,45580375,45581375,1000,45580862
12,45642400,45643350,950,45642862
12,45944150,45944875,725,45944437
12,46493825,46494650,825,46494312
12,53093400,53094275,875,53093562
12,55021225,55022050,825,55021737
12,55048975,55049725,750,55049362
12,55175675,55176350,675,55176187
12,55278700,55280275,1575,55279512
12,55283025,55286150,3125,55283987
12,55545900,55546775,875,55546162
12,55552525,55553550,1025,55552662
12,55788125,55789025,900,55788512
12,55790125,55790900,775,55790612
12,56469750,56470875,1125,56470512
12,57055000,57056150,1150,57055487
12,57437525,57438475,950,57437837
12,58463200,58464025,825,58463587
12,63948150,63948975,825,63948762
12,65952675,65954450,1775,65953312
12,66150875,66152300,1425,66151762
12,66600925,66601600,675,66601487
12,66726850,66727650,800,66727312
12,67202850,67203550,700,67202887
12,68139800,68140800,1000,68140762
12,70160450,70161275,825,70160562
12,70636575,70640550,3975,70638362
12,71102175,71103225,1050,71102762
12,71835525,71836900,1375,71836212
12,71843675,71844825,1150,71844262
12,71854825,71855900,1075,71855337
12,72158675,72163500,4825,72161637
12,72655225,72656250,1025,72655887
12,73504450,73505525,1075,73504812
12,73556525,73557625,1100,73557087
12,73558600,73559575,975,73559362
12,73560675,73567350,6675,73561787
12,73586700,73588975,2275,73588962
12,73594125,73594950,825,73594212
12,73599950,73600775,825,73600362
12,73602000,73604500,2500,73603612
12,73835725,73836700,975,73836562
12,74503250,74504100,850,74503962
12,75044650,75045525,875,75044812
12,75732550,75733275,725,75732637
12,76653475,76654225,750,76653937
12,76737250,76738125,875,76737362
12,77570250,77572275,2025,77571412
12,77575150,77576100,950,77575337
12,77713525,77714175,650,77713737
12,78115150,78116000,850,78115587
12,78889450,78890450,1000,78889587
12,79145700,79146700,1000,79146062
12,79766000,79767250,1250,79766762
12,80032100,80033175,1075,80032412
12,81298825,81299450,625,81299437
12,81334300,81335975,1675,81335162
12,81343275,81344150,875,81343787
12,81437550,81438650,1100,81437887
12,81677775,81678625,850,81678337
12,82343425,82344875,1450,82344362
12,82380425,82381275,850,82380787
12,82501250,82501925,675,82501512
12,82506125,82507600,1475,82506712
12,84375900,84377275,1375,84376662
12,84916825,84918425,1600,84917662
12,84919600,84920750,1150,84920487
12,84978825,84979800,975,84979487
12,85891800,85892800,1000,85892037
12,86296925,86298275,1350,86297862
12,86298800,86300075,1275,86299562
12,86539675,86540400,725,86540162
12,87345525,87351575,6050,87347962
12,87716350,87717050,700,87716362
12,87759475,87760600,1125,87760462
12,87816875,87817600,725,87817137
12,87819575,87820175,600,87819737
12,88038250,88039300,1050,88038787
12,88176400,88178025,1625,88177037
12,88188975,88189950,975,88188987
12,88531950,88532800,850,88532412
12,88626275,88627825,1550,88626787
12,88628100,88629025,925,88628462
12,88633375,88634025,650,88633387
12,91631850,91633025,1175,91632637
12,91634775,91635775,1000,91635587
12,98992425,98994275,1850,98992887
12,99803175,99803950,775,99803912
12,100043225,100045525,2300,100045062
12,100366900,100367500,600,100366912
12,102683025,102684325,1300,102683462
12,102999425,103000250,825,102999887
12,103157225,103157825,600,103157762
12,104401550,104402300,750,104401937
12,104777575,104778225,650,104778087
12,105459600,105460300,700,105459737
12,105482850,105483850,1000,105483037
12,105622525,105623200,675,105622637
12,105699400,105700200,800,105699762
12,105708525,105709825,1300,105709112
12,105737975,105738600,625,105738037
12,106026125,106029450,3325,106028462
12,106032050,106034425,2375,106033862
12,106298375,106299225,850,106299037
12,106518875,106519600,725,106519237
12,106848400,106849450,1050,106849162
12,108362900,108363925,1025,108363587
12,109173325,109174125,800,109173787
12,109901300,109902100,800,109901312
12,110039725,110040500,775,110040262
12,110270975,110272675,1700,110271312
12,110349150,110350025,875,110349337
12,110356550,110357800,1250,110357237
12,111835175,111836175,1000,111835587
12,113126575,113127600,1025,113127512
12,113333700,113335400,1700,113334687
12,116845275,116846625,1350,116846062
12,117482175,117483000,825,117482212
12,118819225,118819950,725,118819637
12,119290800,119291575,775,119290812
12,120015300,120016325,1025,120015812
13,3431375,3433000,1625,3432112
13,3481600,3482750,1150,3482062
13,3483650,3484775,1125,3484037
13,3621625,3622700,1075,3622487
13,4154725,4155725,1000,4154962
13,4156275,4157250,975,4156762
13,4215525,4216275,750,4216137
13,4307125,4308000,875,4307412
13,4336250,4337425,1175,4337012
13,4564900,4566250,1350,4565387
13,4825500,4826550,1050,4826237
13,4830050,4830850,800,4830312
13,4904175,4904825,650,4904637
13,5246025,5247150,1125,5246412
13,5690200,5691625,1425,5690237
13,5693475,5694425,950,5693687
13,6268925,6269525,600,6269087
13,6640125,6641975,1850,6641412
13,6642450,6643625,1175,6642462
13,6776825,6777775,950,6777237
13,6826900,6827675,775,6827137
13,7171975,7172875,900,7172212
13,7174350,7175650,1300,7174762
13,7600825,7601825,1000,7601087
13,7629025,7630775,1750,7629837
13,8023625,8024350,725,8024287
13,8901875,8902575,700,8902512
13,8906075,8906700,625,8906337
13,8912150,8913225,1075,8912937
13,10788450,10789250,800,10788637
13,10908300,10909450,1150,10908912
13,11180375,11181000,625,11180712
13,11184100,11184800,700,11184487
13,11326625,11327650,1025,11327287
13,12107375,12108700,1325,12107912
13,12159850,12160650,800,12160312
13,12191250,12192000,750,12191387
13,12314000,12315000,1000,12314512
13,12964700,12965750,1050,12965287
13,13575900,13576575,675,13576312
13,13630375,13631500,1125,13630712
13,13651275,13654875,3600,13654262
13,13656375,13657875,1500,13657187
13,13694575,13695400,825,13694812
13,15891650,15892725,1075,15891737
13,19008525,19009375,850,19008937
13,19122675,19123450,775,19123112
13,19143375,19145900,2525,19145287
13,19211550,19212475,925,19211712
13,19433525,19434925,1400,19434112
13,21475200,21475925,725,21475487
13,21907125,21909800,2675,21907912
13,22175625,22176400,775,22175962
13,22315975,22316925,950,22316337
13,22412625,22413525,900,22413087
13,22992500,22993500,1000,22992862
13,22994000,22995025,1025,22994187
13,23002575,23004375,1800,23003737
13,23176975,23177600,625,23177212
13,23212800,23213425,625,23213262
13,23352525,23353725,1200,23352937
13,23941150,23942575,1425,23941937
13,24233325,24234400,1075,24233562
13,24237450,24238300,850,24238087
13,25014150,25015125,975,25014462
13,25057125,25058950,1825,25058887
13,25060700,25061375,675,25061262
13,26121600,26123950,2350,26123412
13,27973450,27974225,775,27974162
13,28958850,28959875,1025,28959762
13,29079925,29080700,775,29080687
13,29243425,29244400,975,29243787
13,29599700,29600775,1075,29599987
13,31677925,31678975,1050,31678212
13,31679225,31680250,1025,31679962
13,31817725,31818325,600,31818087
13,32356875,32357700,825,32357312
13,32947275,32948275,1000,32947662
13,33570950,33571650,700,33571387
13,33741700,33743450,1750,33742037
13,33889800,33890700,900,33890312
13,33944725,33947225,2500,33946362
13,34171075,34174425,3350,34173637
13,34181225,34184200,2975,34181937
13,34754850,34755500,650,34754862
13,35976075,35976850,775,35976462
13,40740525,40742250,1725,40742212
13,40884350,40885450,1100,40884537
13,40946000,40946975,975,40946262
13,43287625,43288400,775,43287887
13,43396950,43398025,1075,43397362
13,45085350,45085950,600,45085437
13,45089750,45090450,700,45090037
13,45353425,45354050,625,45353837
13,45494775,45495875,1100,45495162
13,45974825,45975500,675,45975112
13,46783775,46784375,600,46783862
13,47020700,47023300,2600,47021337
13,47942750,47943750,1000,47943237
13,48266325,48267000,675,48266362
13,48273250,48274300,1050,48274037
13,48637600,48638650,1050,48637687
13,49158625,49159675,1050,49158987
13,49611700,49612700,1000,49611987
13,50399725,50401100,1375,50400287
13,51042700,51044900,2200,51043712
13,51048400,51050225,1825,51049062
13,51055875,51056950,1075,51056662
13,51087900,51088800,900,51088762
13,51089625,51090775,1150,51090437
13,51097125,51099500,2375,51098612
13,51107925,51112125,4200,51110987
13,51114500,51115525,1025,51115137
13,51116550,51117550,1000,51116812
13,51119600,51121000,1400,51119612
13,51121725,51122900,1175,51122087
13,51856625,51857250,625,51856787
13,51859100,51859975,875,51859762
13,51996650,51998150,1500,51997387
13,52062100,52063150,1050,52062362
13,52066375,52068075,1700,52067112
13,52337200,52340025,2825,52339312
13,52365975,52367450,1475,52366887
13,52367725,52372000,4275,52371162
13,52401425,52403200,1775,52402137
13,52990775,52991700,925,52990912
13,52992175,52994050,1875,52994037
13,53150200,53151525,1325,53151087
13,53152425,53154750,2325,53153137
13,53160875,53163425,2550,53162137
13,53196875,53198825,1950,53197837
13,53244700,53245600,900,53244762
13,54201400,54202400,1000,54202112
13,54432875,54434475,1600,54433662
13,54780100,54780925,825,54780137
13,54785450,54786225,775,54786062
13,55442775,55444075,1300,55443362
13,55447400,55448350,950,55448062
13,55787100,55788325,1225,55787337
13,55793175,55794150,975,55793712
13,56200475,56201925,1450,56200937
13,56447225,56448475,1250,56448187
13,56721325,56722400,1075,56721612
13,57533125,57533850,725,57533362
13,57539700,57540350,650,57539712
13,57565275,57566000,725,57565387
13,58388000,58392550,4550,58391037
13,58478425,58479150,725,58478462
13,59134725,59136525,1800,59135337
13,59667825,59668650,825,59667862
13,60185300,60186900,1600,60185537
13,60204625,60206450,1825,60205487
13,60213450,60214475,1025,60214087
13,61166850,61167850,1000,61167412
13,61187375,61188100,725,61187437
13,62088325,62091250,2925,62090262
13,62145325,62146175,850,62145637
13,62147075,62147975,900,62147287
13,62171500,62172675,1175,62171862
13,62237000,62238300,1300,62237612
13,62238875,62239700,825,62238987
13,62313625,62315825,2200,62314687
13,62399400,62400175,775,62399612
13,62400550,62401225,675,62400737
13,62823700,62824850,1150,62824362
13,63573925,63575050,1125,63573937
13,64177525,64179725,2200,64178087
13,64180775,64181700,925,64181062
13,64578200,64580225,2025,64579837
13,65274675,65277600,2925,65274687
13,66716225,66717175,950,66716462
13,68232550,68233675,1125,68233637
13,68540325,68541325,1000,68540612
13,69465975,69466825,850,69466037
13,71488275,71488975,700,71488437
13,72423200,72423925,725,72423712
13,72428675,72429725,1050,72429012
13,73610650,73611325,675,73611012
13,74312350,74313725,1375,74313062
13,75919600,75920950,1350,75920487
13,75948725,75949700,975,75949312
13,76108450,76109600,1150,76108712
13,76148375,76150950,2575,76149687
13,76152125,76153975,1850,76153462
13,76162425,76163100,675,76162837
13,76408800,76409475,675,76409012
13,76993950,76994850,900,76994062
13,78149850,78150925,1075,78150537
13,78666475,78667750,1275,78667062
13,80328800,80329700,900,80329487
13,81527000,81527850,850,81527137
13,81537075,81537900,825,81537212
13,81550100,81551325,1225,81550712
13,82666700,82668275,1575,82667037
13,84708400,84709825,1425,84708962
13,84710825,84711775,950,84710987
13,84896750,84897475,725,84897062
13,85509500,85510250,750,85510237
13,85657975,85658650,675,85658387
13,85876175,85877175,1000,85876637
13,85881000,85881600,600,85881237
13,86820075,86821125,1050,86820362
13,87704350,87705150,800,87704662
13,88636200,88637275,1075,88636962
13,88673725,88674825,1100,88674387
13,89712275,89713100,825,89712812
13,93245450,93246650,1200,93245862
13,93652500,93653375,875,93653212
13,93654350,93655575,1225,93654637
13,94633650,94635175,1525,94634637
13,94747850,94748700,850,94748262
13,95114600,95115200,600,95114987
13,95835150,95836225,1075,95835762
13,95843525,95844225,700,95843987
13,96656625,96657275,650,96657062
13,96667025,96670375,3350,96669262
13,97020975,97022175,1200,97021487
13,98025050,98026400,1350,98025612
13,98384300,98385000,700,98384687
13,98421800,98423450,1650,98422412
13,98581650,98582575,925,98581887
13,98586500,98587100,600,98586637
13,98595325,98597150,1825,98595662
13,98638225,98639025,800,98638437
13,98658175,98659025,850,98658412
13,98943575,98944700,1125,98944137
13,99430525,99431325,800,99431012
13,99465525,99466375,850,99466337
13,100002750,100003800,1050,100003212
13,100005025,100007025,2000,100006137
13,100074575,100075350,775,100075087
13,100100700,100103675,2975,100101087
13,100219975,100220975,1000,100220487
13,100225700,100229200,3500,100226712
13,100229550,100231000,1450,100230262
13,100237925,100239525,1600,100238737
13,105021175,105021850,675,105021462
13,105062300,105063000,700,105062462
13,105796000,105796775,775,105796237
13,105947925,105948975,1050,105948962
13,106028975,106031775,2800,106031012
13,106033525,106034975,1450,106034962
13,106035850,106037425,1575,106036437
13,106041275,106041875,600,106041687
13,106117075,106118075,1000,106117837
13,108143875,108144600,725,108144162
13,109123875,109124650,775,109124187
13,111141575,111142650,1075,111142487
13,111515925,111516850,925,111516062
13,112619025,112619875,850,112619462
13,112627750,112628350,600,112627862
13,112796100,112796975,875,112796537
13,112812525,112815125,2600,112814137
13,112821350,112825650,4300,112822137
13,112848325,112849575,1250,112848812
13,113469250,113471175,1925,113470437
13,113532525,113533325,800,113532587
13,113772375,113774100,1725,113773262
13,113816425,113817375,950,113817137
13,114392425,114393250,825,114392837
13,114687100,114689950,2850,114688062
13,114724875,114725900,1025,114725762
13,114800800,114801750,950,114801612
13,114818500,114819275,775,114819087
13,114832400,114833950,1550,114833087
13,114846875,114848050,1175,114847312
13,114864175,114866725,2550,114865812
13,114895425,114896100,675,114895837
13,114938800,114940750,1950,114939837
13,114941050,114942250,1200,114941337
13,114958275,114964575,6300,114964312
13,115400825,115401875,1050,115401037
13,115403750,115404375,625,115404137
13,115495125,115496075,950,115495687
13,115578875,115579600,725,115579587
13,118721900,118722625,725,118722462
13,119187075,119188050,975,119187387
13,119188525,119189600,1075,119189437
13,119384275,119385000,725,119384637
13,119385900,119388400,2500,119387587
13,120242000,120242800,800,120242037
13,120607700,120609500,1800,120608212
13,120611400,120612825,1425,120612162
13,120613450,120614625,1175,120613787
14,6797050,6798025,975,6797237
14,6932325,6933775,1450,6932762
14,7177450,7178100,650,7177837
14,8462900,8464800,1900,8463462
14,11945350,11946050,700,11945562
14,12143225,12143900,675,12143737
14,12726125,12727125,1000,12726437
14,12730300,12731250,950,12730762
14,12947325,12948525,1200,12947537
14,13140600,13143325,2725,13141112
14,13144325,13145900,1575,13144912
14,13146675,13149450,2775,13147562
14,14770625,14771625,1000,14771162
14,14771950,14773100,1150,14772662
14,14831225,14832000,775,14831587
14,15101925,15103025,1100,15102762
14,16453250,16454450,1200,16453912
14,17017450,17019800,2350,17019262
14,17060750,17061750,1000,17060987
14,17062050,17063650,1600,17063462
14,17212925,17213925,1000,17213487
14,17230275,17231100,825,17230437
14,17259100,17261050,1950,17260362
14,18612250,18613175,925,18612487
14,18652000,18652825,825,18652612
14,18653075,18655500,2425,18655237
14,20147825,20149150,1325,20148337
14,20154275,20155000,725,20154437
14,20771300,20772075,775,20771487
14,20774550,20776350,1800,20775387
14,22322225,22323300,1075,22323062
14,22978100,22979925,1825,22978437
14,24292925,24294425,1500,24293212
14,25686025,25687950,1925,25686987
14,26100800,26102625,1825,26101137
14,26345825,26346825,1000,26346787
14,27332125,27332875,750,27332562
14,28548950,28550100,1150,28549762
14,28586775,28587750,975,28587462
14,28593775,28594775,1000,28593937
14,28596700,28597400,700,28597037
14,28601550,28602925,1375,28602362
14,29182725,29183675,950,29183162
14,30694100,30696450,2350,30695912
14,30745400,30748300,2900,30745812
14,30752950,30753600,650,30753462
14,33192825,33196150,3325,33194837
14,33649050,33649900,850,33649062
14,36064750,36066175,1425,36065437
14,37231200,37234700,3500,37231787
14,38384025,38384900,875,38384037
14,39358500,39359150,650,39358912
14,39364250,39365050,800,39364412
14,40099600,40101350,1750,40100462
14,43761325,43762525,1200,43762112
14,44418250,44420100,1850,44418712
14,44655675,44658600,2925,44658012
14,44659400,44660025,625,44659612
14,44663450,44664300,850,44663637
14,46671375,46672225,850,46671862
14,46927300,46929150,1850,46928262
14,47250525,47251225,700,47250687
14,48053625,48054450,825,48053712
14,48196250,48197025,775,48196787
14,48531575,48532175,600,48531662
14,48728900,48730575,1675,48729612
14,48733575,48735500,1925,48734337
14,48736600,48737700,1100,48736937
14,48742525,48743925,1400,48743062
14,48911225,48912225,1000,48912037
14,49511125,49512400,1275,49511862
14,50428525,50429625,1100,50429187
14,50662525,50663125,600,50662887
14,50828425,50829425,1000,50828612
14,50905975,50906625,650,50906537
14,50974800,50977400,2600,50976312
14,51535825,51536675,850,51536412
14,52531425,52532650,1225,52531862
14,52533625,52534800,1175,52533962
14,53075025,53076875,1850,53075937
14,53303650,53305800,2150,53304287
14,53461850,53462725,875,53461887
14,53463900,53465950,2050,53464562
14,53468575,53469475,900,53468587
14,53500950,53503525,2575,53501862
14,54137450,54139725,2275,54138462
14,54184325,54185850,1525,54184537
14,54437750,54438600,850,54438262
14,54715925,54716525,600,54716237
14,54805275,54806625,1350,54806062
14,55097950,55098950,1000,55098287
14,55788300,55789225,925,55788887
14,57005750,57006600,850,57005962
14,58150025,58150925,900,58150462
14,58325450,58327350,1900,58325912
14,59131400,59132100,700,59131487
14,59575800,59576600,800,59576312
14,59934650,59937150,2500,59935512
14,60687875,60689075,1200,60688687
14,62011325,62011950,625,62011562
14,62592525,62593800,1275,62593037
14,62594500,62596500,2000,62595812
14,62603600,62605325,1725,62604212
14,63552925,63553800,875,63553037
14,63887700,63891000,3300,63890237
14,63894500,63896350,1850,63895212
14,64129825,64130500,675,64130462
14,64130975,64132750,1775,64131962
14,64137650,64138450,800,64138312
14,65073550,65075250,1700,65074962
14,65566325,65567375,1050,65566937
14,65713700,65714725,1025,65714112
14,67070600,67071475,875,67071187
14,67072800,67074900,2100,67074887
14,67075225,67076525,1300,67075787
14,68143625,68144800,1175,68144387
14,68538975,68539900,925,68539137
14,69624375,69625525,1150,69624512
14,71919975,71921450,1475,71920962
14,72308300,72309125,825,72308787
14,72310000,72311025,1025,72310237
14,73043775,73044450,675,73044262
14,73535425,73536425,1000,73535612
14,74151100,74151775,675,74151537
14,74152000,74152750,750,74152387
14,74158625,74159700,1075,74159037
14,74596200,74597675,1475,74596837
14,74976225,74977325,1100,74976787
14,75123000,75123775,775,75123462
14,75972925,75974375,1450,75973312
14,76780000,76780650,650,76780187
14,76895450,76896250,800,76895612
14,77028075,77028700,625,77028262
14,77465775,77466700,925,77465912
14,77520600,77521425,825,77520612
14,77842075,77842850,775,77842437
14,78034175,78035500,1325,78035187
14,78039100,78039875,775,78039212
14,78186725,78187525,800,78187262
14,78592975,78593750,775,78593087
14,78596950,78598050,1100,78597212
14,78822625,78823375,750,78822812
14,82963000,82963925,925,82963737
14,82964575,82965300,725,82964962
14,85228100,85230275,2175,85229612
14,85744525,85745225,700,85744862
14,85899750,85902050,2300,85900737
14,85918725,85919900,1175,85919487
14,86215575,86216575,1000,86216487
14,86223775,86224600,825,86224587
14,86225000,86226400,1400,86225987
14,86226725,86228350,1625,86227637
14,88751650,88752575,925,88752387
14,93681600,93683125,1525,93682362
14,99130575,99131550,975,99130787
14,99161900,99165375,3475,99163787
14,100465850,100466775,925,100466087
14,100493675,100495175,1500,100494362
14,102520350,102521200,850,102520562
14,102731550,102732375,825,102731587
14,104396175,104396825,650,104396587
14,104741200,104742125,925,104741587
14,104855825,104856550,725,104856287
14,105235300,105236625,1325,105235937
14,111225750,111226525,775,111226112
14,113921125,113921850,725,113921837
14,113973700,113974850,1150,113974412
14,115808875,115809950,1075,115809137
14,117531875,117534500,2625,117533362
14,118233725,118235050,1325,118234462
14,118284350,118285200,850,118284537
14,118368050,118368925,875,118368837
14,118580475,118581550,1075,118580787
14,119098700,119099300,600,119099012
14,119590900,119591725,825,119591012
14,119931400,119932300,900,119932012
14,120015000,120015950,950,120015537
14,120171025,120171850,825,120171512
14,120523950,120524700,750,120524037
14,120970500,120972325,1825,120970762
14,121611000,121613200,2200,121611762
14,121613600,121614450,850,121613637
14,121661375,121662375,1000,121661462
14,122720650,122721950,1300,122721237
14,123168775,123170875,2100,123170137
14,123330550,123331150,600,123330737
15,3756250,3756950,700,3756837
15,3955025,3956025,1000,3955287
15,4306225,4306900,675,4306612
15,4969475,4970800,1325,4969962
15,4973075,4974075,1000,4973587
15,4976300,4978600,2300,4977937
15,5977225,5981625,4400,5979737
15,5993025,5995075,2050,5993862
15,6618475,6619325,850,6619012
15,6747200,6748750,1550,6748187
15,8179650,8181625,1975,8180862
15,8494375,8495225,850,8494837
15,8769800,8771325,1525,8770487
15,8864650,8865450,800,8865162
15,9140500,9142850,2350,9141912
15,9143075,9144050,975,9143262
15,9170475,9171125,650,9170862
15,9783775,9784550,775,9784087
15,10110675,10111675,1000,10111187
15,11329275,11330325,1050,11329912
15,11862600,11863325,725,11862887
15,12198675,12201175,2500,12200337
15,12201950,12203350,1400,12202187
15,14068450,14069625,1175,14069337
15,14641300,14642525,1225,14641612
15,15026625,15028275,1650,15027187
15,16852600,16855425,2825,16853512
15,19336650,19337625,975,19336837
15,22397550,22398200,650,22398037
15,24989525,24990350,825,24989587
15,27077675,27078400,725,27078212
15,27238125,27239100,975,27238512
15,27411400,27412375,975,27411912
15,30017800,30019525,1725,30018712
15,31261575,31262200,625,31262062
15,31360450,31361775,1325,31361737
15,32189600,32190225,625,32190062
15,33985700,33986650,950,33985912
15,34136850,34137850,1000,34137287
15,34203975,34205650,1675,34204862
15,35238275,35239000,725,35238687
15,35381750,35382525,775,35382012
15,35887200,35888975,1775,35888162
15,35889350,35890475,1125,35890112
15,35904450,35905875,1425,35905237
15,35931825,35932825,1000,35932062
15,36938275,36940150,1875,36939037
15,36941675,36945000,3325,36942512
15,36946600,36947325,725,36947262
15,36999250,37000875,1625,36999887
15,37001200,37002075,875,37001662
15,37025375,37026475,1100,37026037
15,37028450,37030975,2525,37028887
15,37347325,37348825,1500,37347912
15,37778225,37779350,1125,37778637
15,38378325,38379250,925,38378612
15,38379875,38380875,1000,38380462
15,38402275,38407100,4825,38406187
15,38409350,38411200,1850,38410237
15,38427650,38428850,1200,38428287
15,38553675,38554775,1100,38554287
15,38897925,38899100,1175,38898837
15,41736050,41737150,1100,41736712
15,41763175,41764225,1050,41763537
15,44460250,44461125,875,44460612
15,46541075,46541725,650,46541087
15,49798825,49799950,1125,49799612
15,50454125,50455050,925,50454437
15,51911400,51912200,800,51911587
15,52795750,52796400,650,52796387
15,55101375,55103175,1800,55102712
15,55103500,55104450,950,55103962
15,57729025,57730125,1100,57729437
15,57732900,57734025,1125,57733512
15,57905450,57906050,600,57906037
15,58527925,58528925,1000,58528487
15,59132225,59133200,975,59132862
15,59600750,59601375,625,59601312
15,64750000,64751950,1950,64751437
15,65047625,65048650,1025,65048212
15,65617175,65617775,600,65617237
15,65873400,65874625,1225,65874012
15,66851850,66852925,1075,66852612
15,71426275,71427475,1200,71426987
15,72637650,72638975,1325,72637737
15,72915100,72916550,1450,72915787
15,73022150,73023275,1125,73022587
15,73199350,73200225,875,73200037
15,73205625,73207000,1375,73206012
15,74195225,74195925,700,74195612
15,74344900,74345650,750,74345637
15,74476575,74477500,925,74477237
15,74772925,74773625,700,74773387
15,74775025,74776475,1450,74775737
15,74777600,74779125,1525,74777962
15,75099925,75100850,925,75100637
15,75574075,75575150,1075,75574087
15,76007550,76008325,775,76007587
15,77033050,77034275,1225,77033637
15,78237175,78237950,775,78237712
15,78545825,78546500,675,78545912
15,79088425,79089025,600,79088437
15,79410825,79411625,800,79411337
15,80606050,80607125,1075,80606337
15,81043450,81044150,700,81043737
15,81796525,81800500,3975,81797537
15,81802125,81803225,1100,81802637
15,81896825,81897425,600,81897237
15,82009025,82009975,950,82009537
15,82039325,82040325,1000,82039337
15,82327650,82328375,725,82328012
15,82380575,82381425,850,82381087
15,82391075,82391750,675,82391162
15,82396500,82397775,1275,82396987
15,82436550,82438325,1775,82437137
15,82873375,82874250,875,82873962
15,83020300,83020925,625,83020912
15,83094825,83095650,825,83095137
15,83354325,83355275,950,83354837
15,83457525,83458275,750,83457537
15,83977075,83978600,1525,83977887
15,84074675,84075450,775,84075062
15,84682050,84682725,675,84682687
15,84720800,84722200,1400,84721437
15,85036800,85037500,700,85037287
15,86139325,86140050,725,86139462
15,86145175,86146125,950,86145762
15,87045725,87046375,650,87045787
15,87128875,87129750,875,87129312
15,87345225,87345850,625,87345462
15,87492450,87493275,825,87492862
15,87723375,87724900,1525,87724262
15,88696100,88698350,2250,88696637
15,88887800,88888750,950,88888362
15,89237175,89238025,850,89237812
15,89370800,89371475,675,89371237
15,89449625,89450650,1025,89449912
15,90018750,90019900,1150,90019662
15,90876800,90877825,1025,90877487
15,91115050,91116200,1150,91115687
15,91810225,91810950,725,91810862
15,93016525,93018450,1925,93017962
15,96068400,96071375,2975,96069837
15,96322150,96323300,1150,96322687
15,96323650,96324650,1000,96324337
15,96405100,96408900,3800,96408087
15,96410875,96414500,3625,96412112
15,96415775,96417175,1400,96415787
15,96422925,96424775,1850,96424062
15,96716125,96716750,625,96716437
15,96805175,96806000,825,96805487
15,97159800,97160500,700,97160387
15,97385525,97386275,750,97386087
15,97455800,97456600,800,97456387
15,97560400,97562375,1975,97561612
15,97975725,97976650,925,97976137
15,98619550,98620350,800,98620237
15,98925000,98925825,825,98925712
15,99315175,99316175,1000,99315887
15,99418950,99419825,875,99418987
15,99498050,99499075,1025,99498537
15,100050075,100052375,2300,100051462
15,100094125,100100400,6275,100095087
15,100101100,100102250,1150,100101912
15,100103150,100103875,725,100103862
15,100107225,100108175,950,100108162
15,100369500,100373050,3550,100369962
15,100373350,100374500,1150,100373887
15,100936200,100937025,825,100936237
15,101823475,101824100,625,101823637
15,102749175,102750425,1250,102749862
15,102766925,102767825,900,102767162
15,103438100,103438950,850,103438512
15,103478800,103479525,725,103479137
16,3561375,3561975,600,3561687
16,4163050,4163750,700,4163562
16,4655500,4658675,3175,4657987
16,4736300,4737200,900,4736587
16,7339475,7340900,1425,7340312
16,7712875,7713500,625,7713237
16,8091075,8092275,1200,8091787
16,8468950,8472225,3275,8469787
16,8475050,8476100,1050,8475537
16,8981700,8982400,700,8982112
16,8983800,8984875,1075,8984262
16,9020725,9021950,1225,9021262
16,9022325,9023250,925,9022762
16,9044125,9045275,1150,9044787
16,9045600,9047800,2200,9047037
16,9151325,9152150,825,9151837
16,9173600,9175900,2300,9174637
16,9176500,9178250,1750,9177587
16,9179125,9181575,2450,9181212
16,9907825,9909050,1225,9908737
16,10037350,10038100,750,10037837
16,10098275,10102375,4100,10100812
16,10137650,10138850,1200,10137937
16,11203400,11204325,925,11203637
16,11207575,11208325,750,11207962
16,11303875,11304950,1075,11304262
16,11366550,11367275,725,11366737
16,11683950,11684550,600,11684187
16,12666675,12667550,875,12667187
16,12682700,12684750,2050,12683912
16,12690400,12691450,1050,12691162
16,12692825,12695925,3100,12693112
16,12926725,12927375,650,12927062
16,13397825,13398825,1000,13398362
16,13663725,13667525,3800,13665637
16,13690225,13693400,3175,13693187
16,13888950,13889925,975,13889362
16,13892600,13893200,600,13892837
16,13894375,13897725,3350,13895337
16,14027425,14028400,975,14028062
16,15577925,15581350,3425,15578537
16,15937425,15938975,1550,15938287
16,16021925,16022650,725,16022437
16,16073400,16074400,1000,16074187
16,16127125,16127750,625,16127362
16,16847175,16848225,1050,16847562
16,16852900,16854775,1875,16853587
16,16889650,16890650,1000,16890087
16,17191350,17192225,875,17191437
16,17360225,17360925,700,17360437
16,17746800,17747550,750,17747337
16,17869700,17871400,1700,17870587
16,17900350,17903475,3125,17901287
16,17903700,17904475,775,17903737
16,17905025,17906075,1050,17905687
16,17910150,17912725,2575,17910762
16,18041150,18041975,825,18041937
16,18889675,18890575,900,18889912
16,19262700,19263375,675,19263012
16,20016425,20017400,975,20017362
16,20392000,20392650,650,20392012
16,20410475,20411150,675,20410612
16,20493675,20494775,1100,20493937
16,20747550,20748525,975,20748137
16,20774475,20775775,1300,20774962
16,20776025,20777650,1625,20776937
16,20815800,20816775,975,20816087
16,20904525,20905675,1150,20904887
16,20916275,20917075,800,20916412
16,20937600,20939275,1675,20938462
16,21016900,21017700,800,21017462
16,21018175,21019075,900,21018337
16,21023150,21024225,1075,21023612
16,21086875,21088575,1700,21087412
16,21097500,21098375,875,21098262
16,21607675,21609250,1575,21608587
16,21720225,21722325,2100,21721012
16,21936800,21937575,775,21936962
16,21946100,21948700,2600,21947837
16,21950850,21953325,2475,21951587
16,21993675,21994275,600,21993687
16,22188800,22189975,1175,22189962
16,22190850,22192825,1975,22190862
16,22194000,22195050,1050,22194337
16,22196400,22197450,1050,22197087
16,22296725,22303425,6700,22299787
16,22303825,22304425,600,22304412
16,22305600,22306550,950,22305937
16,22307550,22309125,1575,22307787
16,22310675,22313400,2725,22312737
16,22314725,22316025,1300,22315162
16,22316275,22321125,4850,22316462
16,22323050,22326300,3250,22324712
16,22856050,22856675,625,22856212
16,22857975,22859500,1525,22858712
16,22905525,22906175,650,22905637
16,22947000,22948650,1650,22947862
16,23008550,23010125,1575,23009262
16,23010825,23013550,2725,23012637
16,23521300,23522250,950,23521862
16,23822600,23823400,800,23823187
16,24321700,24322300,600,24321962
16,25440300,25441450,1150,25440912
16,28361800,28362525,725,28361912
16,28733175,28734350,1175,28733512
16,29618300,29619050,750,29618862
16,29684750,29686025,1275,29685562
16,30229450,30230050,600,30229512
16,30380550,30381675,1125,30381062
16,30474350,30475800,1450,30475162
16,30476375,30477075,700,30477062
16,30562125,30564575,2450,30562387
16,30636875,30637725,850,30637137
16,30839450,30840725,1275,30840087
16,31315850,31316550,700,31316237
16,31388750,31389375,625,31388962
16,31392850,31393725,875,31393162
16,32198450,32200375,1925,32199787
16,32408350,32409700,1350,32409087
16,32411325,32412100,775,32411562
16,32497725,32498725,1000,32498537
16,33428400,33431150,2750,33429887
16,33737600,33738500,900,33738112
16,33764100,33767300,3200,33766437
16,33772000,33773775,1775,33772887
16,33897850,33898650,800,33898487
16,33937600,33938225,625,33937762
16,33993275,33994075,800,33993612
16,35064325,35065000,675,35064737
16,35074400,35075475,1075,35075262
16,35076125,35076825,700,35076412
16,35461250,35463000,1750,35461587
16,35718350,35720250,1900,35719037
16,35739900,35743725,3825,35741587
16,35744425,35745100,675,35744787
16,35822050,35822925,875,35822637
16,36017425,36018425,1000,36017937
16,36034450,36035125,675,36034862
16,36137600,36138275,675,36137912
16,36407850,36408775,925,36408337
16,37441100,37444525,3425,37443412
16,38363000,38364275,1275,38363287
16,38364950,38365725,775,38364962
16,42575150,42576675,1525,42575937
16,43526800,43527800,1000,43527612
16,43528100,43528800,700,43528662
16,43965825,43966775,950,43965987
16,44423550,44424475,925,44423887
16,45266350,45269825,3475,45269412
16,46387550,46388375,825,46387712
16,48074500,48075100,600,48074562
16,48417375,48418150,775,48418037
16,51894325,51894925,600,51894587
16,56038100,56040050,1950,56038962
16,57463650,57464675,1025,57464512
16,58465200,58465825,625,58465712
16,62323150,62324125,975,62323912
16,62816775,62818025,1250,62817187
16,64704450,64707450,3000,64705637
16,64816775,64817875,1100,64816937
16,64828125,64832700,4575,64831537
16,64907175,64907800,625,64907562
16,75524325,75524925,600,75524687
16,76051175,76052075,900,76051812
16,76226450,76227075,625,76227012
16,76228075,76229100,1025,76228462
16,78145600,78146775,1175,78146262
16,78331825,78333025,1200,78332362
16,78374150,78375575,1425,78374762
16,78478525,78479525,1000,78479387
16,84460150,84460875,725,84460737
16,84662400,84664000,1600,84662937
16,84673050,84673850,800,84673512
16,84826250,84827175,925,84826787
16,85056100,85057350,1250,85056937
16,87265450,87266900,1450,87265962
16,87323825,87324650,825,87324237
16,87918325,87918950,625,87918912
16,88857800,88858450,650,88857912
16,89882875,89885625,2750,89884887
16,89888000,89888925,925,89888687
16,89889300,89890275,975,89889412
16,89943975,89945250,1275,89944712
16,89950525,89951325,800,89950537
16,89952025,89954275,2250,89952887
16,90008850,90009600,750,90009162
16,90203650,90204425,775,90204012
16,90320925,90325400,4475,90321912
16,90719275,90719925,650,90719912
16,90806575,90807500,925,90807237
16,91083875,91085425,1550,91084712
16,91085725,91087600,1875,91086662
16,91113700,91114475,775,91114237
16,91452175,91454900,2725,91453437
16,91598425,91599675,1250,91599237
16,92059325,92060050,725,92059712
16,92110225,92110875,650,92110262
16,92387525,92388250,725,92387887
16,92494800,92495400,600,92494837
16,92584125,92584975,850,92584662
16,92586350,92587100,750,92586912
16,93066825,93067575,750,93066862
16,93460625,93461225,600,93460962
16,93676350,93679125,2775,93677762
16,93711500,93713075,1575,93711987
16,93716300,93717500,1200,93716637
16,93864675,93865575,900,93864812
16,94382550,94383925,1375,94383212
16,94390425,94392200,1775,94391137
16,97678475,97679325,850,97679187
16,97917625,97918475,850,97918337
16,98164400,98165775,1375,98164662
16,98166500,98168000,1500,98167337
16,98170275,98171075,800,98170762
16,98171350,98172125,775,98171437
17,3017850,3018925,1075,3018337
17,3282525,3283325,800,3283262
17,3581825,3582525,700,3582187
17,5449550,5450150,600,5449612
17,6209625,6210750,1125,6209962
17,6584750,6585875,1125,6585737
17,6586375,6602675,16300,6590237
17,9632900,9633500,600,9633387
17,9763250,9766000,2750,9764087
17,9992150,9993050,900,9992837
17,9994475,9995250,775,9994762
17,9998850,10000450,1600,9999737
17,10218575,10220500,1925,10220287
17,10220750,10223325,2575,10221637
17,10948450,10949400,950,10948962
17,11934325,11935050,725,11934587
17,11958575,11959250,675,11958712
17,12093925,12097325,3400,12096162
17,12124375,12126125,1750,12126112
17,12126350,12127300,950,12126387
17,12131225,12133125,1900,12132137
17,12133875,12134675,800,12133912
17,12350500,12351150,650,12350537
17,12400425,12401625,1200,12400812
17,12613950,12614975,1025,12614337
17,13343025,13344025,1000,13344012
17,13521425,13523000,1575,13521837
17,13836475,13837075,600,13836712
17,14544275,14544900,625,14544612
17,14603325,14604125,800,14603337
17,15079300,15080025,725,15079987
17,15314575,15316050,1475,15315087
17,15693475,15694150,675,15693862
17,15835275,15836225,950,15835687
17,16691525,16692425,900,16691837
17,16900150,16901525,1375,16901087
17,16954825,16955825,1000,16955062
17,16961350,16962350,1000,16961837
17,17332975,17334200,1225,17333762
17,17443200,17444200,1000,17443412
17,17613975,17615175,1200,17614862
17,17677925,17678650,725,17678137
17,17682875,17683725,850,17683062
17,18223625,18224500,875,18223862
17,18225650,18226775,1125,18225987
17,18228100,18229700,1600,18228837
17,18234750,18235450,700,18234912
17,20734000,20736475,2475,20735537
17,20737600,20740200,2600,20739312
17,21625400,21626000,600,21625412
17,21628475,21630825,2350,21629987
17,22069350,22070600,1250,22070162
17,22071300,22072025,725,22071987
17,22085100,22085950,850,22085312
17,23538925,23549950,11025,23548112
17,25678875,25679775,900,25679387
17,26018925,26020100,1175,26019187
17,26219325,26222725,3400,26220387
17,26567000,26567725,725,26567462
17,26949500,26950875,1375,26949912
17,26965475,26966075,600,26965837
17,26967175,26968900,1725,26968087
17,26978500,26981800,3300,26980137
17,26983125,26984450,1325,26983862
17,26998175,26998925,750,26998537
17,27017475,27019125,1650,27018287
17,27024100,27024875,775,27024337
17,27076800,27078900,2100,27078037
17,27082725,27084500,1775,27083112
17,27104725,27105625,900,27105112
17,27114500,27116150,1650,27115862
17,27258725,27261375,2650,27259087
17,27425150,27427275,2125,27426987
17,28617650,28620050,2400,28618862
17,28620575,28621825,1250,28621737
17,28663550,28665250,1700,28664587
17,28667575,28669375,1800,28668387
17,28822000,28822775,775,28822387
17,28888350,28890050,1700,28888437
17,29603550,29606175,2625,29604637
17,29616025,29616675,650,29616487
17,30375425,30376375,950,30375837
17,31279400,31281425,2025,31280487
17,31282350,31285800,3450,31283562
17,31286075,31286950,875,31286137
17,31504625,31505500,875,31505187
17,31689300,31690325,1025,31690062
17,31822225,31823575,1350,31822637
17,32301350,32303150,1800,32302262
17,32334600,32335300,700,32334987
17,32455225,32455950,725,32455612
17,32459050,32460250,1200,32459887
17,33203675,33204675,1000,33204287
17,33609850,33610800,950,33610162
17,33623550,33624550,1000,33624112
17,33629775,33631350,1575,33631062
17,33657350,33658050,700,33657487
17,33728375,33729325,950,33728937
17,33834600,33836350,1750,33835412
17,33949300,33950650,1350,33950137
17,34850250,34851050,800,34850587
17,34971175,34972025,850,34971362
17,35032350,35033425,1075,35033287
17,35077675,35079050,1375,35078137
17,35609900,35611475,1575,35610587
17,35612800,35614450,1650,35614362
17,35621975,35625825,3850,35622862
17,35764225,35765200,975,35764737
17,36237425,36238300,875,36237862
17,36314675,36315275,600,36314787
17,36846875,36849200,2325,36847812
17,37654575,37655575,1000,37654812
17,37730975,37731775,800,37731412
17,39032750,39033600,850,39033362
17,40655375,40656125,750,40655762
17,40705750,40706650,900,40706187
17,42219975,42220750,775,42220337
17,42361425,42363200,1775,42361887
17,42500825,42502825,2000,42501312
17,43933700,43935200,1500,43934637
17,44197550,44198850,1300,44197912
17,44930375,44931975,1600,44930437
17,44945125,44945800,675,44945337
17,45035025,45035625,600,45035037
17,45064275,45065100,825,45064712
17,45309675,45310400,725,45309962
17,45825900,45826775,875,45826312
17,46811150,46814425,3275,46812362
17,47556500,47557175,675,47556837
17,47954800,47956050,1250,47955487
17,49246075,49247325,1250,49246537
17,49380725,49382925,2200,49382137
17,49386900,49387725,825,49387312
17,49881175,49882350,1175,49881612
17,49886125,49887600,1475,49886362
17,49889275,49890375,1100,49890112
17,49890625,49891375,750,49890637
17,50130925,50132000,1075,50131412
17,51296675,51297625,950,51296937
17,51792875,51793700,825,51793662
17,51950875,51951875,1000,51951237
17,52920225,52921350,1125,52920262
17,52922475,52923175,700,52923012
17,53014150,53015950,1800,53015087
17,53351900,53353000,1100,53352387
17,53372800,53373450,650,53373287
17,53475500,53476125,625,53475762
17,53983500,53984100,600,53983612
17,54590450,54592425,1975,54591212
17,55265800,55267275,1475,55266112
17,56127200,56128775,1575,56128137
17,56144250,56145100,850,56145087
17,56462275,56463400,1125,56462737
17,56551500,56553675,2175,56552237
17,59993925,59994925,1000,59993962
17,61159750,61160775,1025,61160312
17,62566375,62567050,675,62566987
17,62809850,62810850,1000,62810587
17,63215275,63216575,1300,63215862
17,63451750,63452625,875,63452412
17,64580000,64581000,1000,64580312
17,65671275,65672125,850,65671937
17,65754900,65756150,1250,65755787
17,66374775,66383650,8875,66379287
17,66904850,66905575,725,66905437
17,67258375,67260375,2000,67259512
17,67451650,67452400,750,67451962
17,67732650,67733425,775,67732837
17,67739925,67740800,875,67740412
17,68054675,68055475,800,68055062
17,69061500,69062400,900,69061937
17,69180000,69180675,675,69180037
17,69227200,69228150,950,69227362
17,70773325,70775225,1900,70773487
17,70803500,70804200,700,70804187
17,70804450,70805300,850,70805162
17,71088625,71089525,900,71089062
17,72040550,72041425,875,72040762
17,74809775,74810850,1075,74810162
17,75462925,75464525,1600,75463537
17,78105550,78106800,1250,78106262
17,78381575,78382200,625,78382012
17,78912300,78913100,800,78912862
17,79561250,79562000,750,79561562
17,80161975,80162625,650,80162537
17,80280975,80281650,675,80281537
17,80706650,80707550,900,80707037
17,80716250,80717650,1400,80716937
17,80760925,80762100,1175,80761562
17,80852825,80853525,700,80852912
17,80882875,80883575,700,80883412
17,80969075,80972550,3475,80971637
17,81262500,81263900,1400,81263187
17,82067950,82068700,750,82068012
17,82217300,82218425,1125,82217787
17,82219175,82219950,775,82219787
17,83163675,83164300,625,83163962
17,83274000,83277700,3700,83276012
17,83538800,83539800,1000,83539662
17,83570750,83572650,1900,83571637
17,83652050,83654500,2450,83653087
17,83892500,83893125,625,83892612
17,83947400,83948000,600,83947587
17,84420350,84421125,775,84420412
17,84873875,84874600,725,84873962
17,84876400,84880600,4200,84878762
17,84880950,84889100,8150,84886112
17,85006000,85008475,2475,85007312
17,85529625,85530625,1000,85530387
17,86355975,86357575,1600,86356912
17,86598050,86599675,1625,86598862
17,86663200,86663850,650,86663262
17,86862750,86863500,750,86862862
17,87401525,87404650,3125,87403587
17,87564450,87566550,2100,87565987
17,87569150,87573925,4775,87571637
17,87584450,87585175,725,87584962
17,87751425,87752750,1325,87752737
17,87762550,87763425,875,87762687
17,87843575,87844550,975,87843862
17,87872275,87873100,825,87872937
17,87873450,87875425,1975,87873587
17,88359175,88360725,1550,88359937
17,88376100,88377050,950,88376362
17,88379100,88379725,625,88379512
17,88700300,88701050,750,88700312
17,89179650,89180625,975,89180012
17,89396025,89396750,725,89396262
17,89840925,89841925,1000,89841587
17,90996275,90997050,775,90996487
17,91180450,91181425,975,91180537
17,95175325,95176275,950,95175837
18,3041075,3041900,825,3041587
18,3065900,3066825,925,3066112
18,3211900,3213225,1325,3212437
18,3360600,3361725,1125,3361112
18,3404775,3406850,2075,3405762
18,3489175,3490025,850,3489587
18,4425850,4426825,975,4426212
18,4582175,4582850,675,4582487
18,5113375,5114575,1200,5113987
18,5438675,5440475,1800,5439487
18,5574100,5575125,1025,5574762
18,6254550,6256275,1725,6255412
18,6262825,6264850,2025,6263862
18,6266800,6268925,2125,6267962
18,6290100,6291100,1000,6290812
18,6371025,6372150,1125,6371562
18,6383725,6384575,850,6384262
18,6395000,6395650,650,6395137
18,6680600,6681950,1350,6681137
18,7057550,7058775,1225,7058037
18,7069750,7070700,950,7070087
18,7432950,7433725,775,7433637
18,7534700,7536575,1875,7535612
18,7690075,7692525,2450,7690912
18,8162800,8164450,1650,8163312
18,9213150,9214450,1300,9214112
18,9590850,9591550,700,9590937
18,9707825,9708600,775,9707837
18,9899950,9901325,1375,9900812
18,10044150,10045525,1375,10044762
18,10051900,10052825,925,10052162
18,11053875,11054750,875,11054737
18,11982900,11983700,800,11983687
18,12165725,12166450,725,12165737
18,12172575,12173750,1175,12172837
18,12231550,12232525,975,12231912
18,12301275,12302600,1325,12301862
18,12651100,12652100,1000,12651137
18,13115900,13117100,1200,13116612
18,15206475,15207575,1100,15207562
18,16086375,16087200,825,16087012
18,16182675,16184200,1525,16183212
18,17462100,17462725,625,17462212
18,18005125,18005900,775,18005487
18,18857900,18859000,1100,18858562
18,18992675,18994175,1500,18993362
18,19207075,19208150,1075,19207537
18,20628850,20630100,1250,20629812
18,20726200,20729375,3175,20728587
18,20919050,20921575,2525,20919287
18,21089725,21098275,8550,21096962
18,21185175,21187625,2450,21185662
18,21209325,21209950,625,21209837
18,21402750,21405000,2250,21404337
18,21412250,21412950,700,21412862
18,21559450,21560175,725,21559762
18,21567600,21571050,3450,21568362
18,21796000,21796850,850,21796537
18,22486250,22487375,1125,22487137
18,23259650,23260300,650,23259812
18,24534000,24535050,1050,24534762
18,24535325,24536300,975,24535862
18,24537800,24540425,2625,24539537
18,24624150,24624775,625,24624762
18,25402250,25404475,2225,25403587
18,26688275,26689175,900,26688787
18,30519050,30519825,775,30519137
18,30662050,30663450,1400,30662962
18,32258100,32259000,900,32258787
18,32385650,32387125,1475,32386712
18,33925525,33926700,1175,33926212
18,34207175,34208625,1450,34208062
18,34212475,34214175,1700,34213862
18,34214975,34219525,4550,34216837
18,34315975,34317175,1200,34316762
18,34844150,34845450,1300,34844837
18,34940200,34940900,700,34940412
18,35653550,35654925,1375,35654212
18,35765400,35766400,1000,35765862
18,35766625,35767575,950,35766787
18,36599100,36600000,900,36599312
18,36606925,36607950,1025,36607462
18,36954925,36955650,725,36955337
18,37057150,37058525,1375,37057962
18,37114625,37115575,950,37115037
18,37125025,37126275,1250,37125662
18,37138100,37138850,750,37138387
18,37147675,37148500,825,37147737
18,37868925,37870375,1450,37869362
18,37878900,37879900,1000,37879437
18,37882450,37883050,600,37882462
18,37888425,37889625,1200,37889537
18,38499100,38501450,2350,38501362
18,38958175,38959475,1300,38958787
18,39253875,39255050,1175,39254812
18,39618025,39618800,775,39618137
18,40328125,40329500,1375,40328637
18,42061075,42062475,1400,42061787
18,42520150,42521025,875,42520937
18,42672275,42673475,1200,42672837
18,46715425,46717550,2125,46717062
18,47064175,47065650,1475,47064937
18,47783025,47784275,1250,47783662
18,49813850,49814475,625,49813987
18,49821525,49824025,2500,49822112
18,52059050,52060275,1225,52059687
18,52654150,52655175,1025,52654537
18,53346875,53347725,850,53347187
18,53384300,53385650,1350,53385187
18,53461300,53462300,1000,53461337
18,53993950,53995050,1100,53994387
18,55446525,55447325,800,55446837
18,58801125,58802100,975,58801512
18,60652550,60653775,1225,60653137
18,61727025,61727975,950,61727137
18,62124450,62125325,875,62125012
18,62937525,62939400,1875,62938412
18,64470225,64471025,800,64470637
18,65694550,65695175,625,65694587
18,65745950,65752150,6200,65749787
18,66062900,66064150,1250,66063862
18,66416275,66417300,1025,66417037
18,66557000,66558700,1700,66557662
18,67258550,67259275,725,67258987
18,67393450,67394750,1300,67394737
18,67418375,67419525,1150,67419162
18,67943150,67945150,2000,67944712
18,67945375,67947275,1900,67946312
18,69907675,69908675,1000,69908412
18,73798975,73799775,800,73799612
18,74083900,74084675,775,74084162
18,74085100,74086050,950,74085337
18,74456975,74458775,1800,74458662
18,74461900,74464175,2275,74462862
18,74485750,74486900,1150,74486187
18,74490200,74492025,1825,74491037
18,74494925,74495850,925,74495562
18,74496575,74497800,1225,74496962
18,74535175,74536225,1050,74535587
18,74540200,74541100,900,74540762
18,74545125,74546175,1050,74545962
18,74567575,74568450,875,74568437
18,75126325,75127175,850,75126362
18,75725175,75726375,1200,75725712
18,75767125,75768400,1275,75767562
18,75946025,75946875,850,75946212
18,76262925,76263800,875,76263487
18,76337150,76337900,750,76337412
18,76806425,76807750,1325,76807187
18,77267400,77268025,625,77267787
18,77619400,77621400,2000,77620512
18,77954050,77954875,825,77954387
18,80874100,80875250,1150,80874387
18,81147575,81148475,900,81148062
18,81149200,81150275,1075,81149837
18,81361575,81362725,1150,81361837
18,82593275,82593875,600,82593287
18,82862875,82865200,2325,82864562
18,82915650,82916825,1175,82915662
18,83092125,83093050,925,83092212
18,84408650,84412375,3725,84411437
18,90692800,90693850,1050,90693187
18,90718300,90719925,1625,90718987
18,90720500,90721775,1275,90721187
19,3747200,3748525,1325,3747937
19,4476725,4477525,800,4476962
19,4948425,4949325,900,4948987
19,5085175,5086200,1025,5085362
19,5306800,5307775,975,5307212
19,5319775,5320475,700,5320337
19,6906000,6907000,1000,6906987
19,6962900,6964725,1825,6964112
19,7232275,7233125,850,7232287
19,8564550,8566025,1475,8565287
19,8777275,8778700,1425,8777387
19,8831900,8832500,600,8832462
19,8954750,8955350,600,8955212
19,10245425,10246425,1000,10245837
19,10456350,10457125,775,10456962
19,10634375,10635225,850,10634762
19,11367075,11369475,2400,11367662
19,12134800,12135425,625,12134837
19,13333550,13334550,1000,13334262
19,16147000,16148075,1075,16147462
19,16564425,16566025,1600,16565137
19,17112300,17113450,1150,17112937
19,20905500,20906825,1325,20906362
19,20910800,20911900,1100,20911537
19,21037875,21038525,650,21038312
19,21110075,21110925,850,21110687
19,23960600,23961425,825,23960612
19,24000175,24000850,675,24000312
19,24275050,24275650,600,24275287
19,24622550,24623150,600,24622787
19,24966200,24967775,1575,24967037
19,25256300,25257225,925,25256862
19,25384950,25385650,700,25385162
19,25538300,25538975,675,25538437
19,26675650,26677475,1825,26676537
19,27390725,27391600,875,27390812
19,27768875,27769825,950,27769412
19,28260050,28260850,800,28260112
19,28786175,28787175,1000,28786712
19,28900675,28901750,1075,28901287
19,29316775,29317700,925,29316962
19,30254675,30256650,1975,30255362
19,32661100,32662500,1400,32661737
19,32978100,32979050,950,32978862
19,33514300,33515175,875,33514737
19,33518175,33519200,1025,33518662
19,36413675,36414700,1025,36414487
19,37416725,37417775,1050,37417112
19,37513575,37514450,875,37513837
19,37681300,37682225,925,37681562
19,37939525,37940475,950,37939962
19,38129600,38132900,3300,38132112
19,38133850,38134525,675,38134087
19,38407100,38413850,6750,38412787
19,38451675,38454575,2900,38453137
19,38546025,38546775,750,38546212
19,38553800,38554775,975,38554162
19,38560500,38561300,800,38560687
19,39955050,39955975,925,39955587
19,40181275,40182350,1075,40181637
19,41508400,41509425,1025,41508787
19,41996475,41997500,1025,41996587
19,42397700,42399475,1775,42398612
19,42403500,42404875,1375,42404037
19,43663150,43663775,625,43663462
19,43667300,43668825,1525,43668187
19,44039150,44039975,825,44039362
19,44646700,44648075,1375,44647737
19,45133225,45133925,700,45133562
19,45255325,45256225,900,45255687
19,46047275,46049525,2250,46048487
19,47444050,47445750,1700,47445712
19,47633600,47634325,725,47634037
19,47971600,47972550,950,47972312
19,49728250,49729150,900,49728612
19,52985300,52986275,975,52985787
19,53044075,53045250,1175,53044987
19,53502925,53506075,3150,53504612
19,53633425,53634025,600,53633862
19,53637175,53638325,1150,53638137
19,53649575,53651200,1625,53650287
19,53729725,53730575,850,53730412
19,53819275,53820450,1175,53819662
19,54098775,54099900,1125,54099712
19,54362325,54363250,925,54363237
19,56029475,56030350,875,56029612
19,56719300,56720475,1175,56719537
19,56775350,56776150,800,56776137
19,57059875,57061575,1700,57061212
19,57718750,57719450,700,57719212
19,58615100,58615725,625,58615437
19,58950950,58951850,900,58950987
19,59247000,59247900,900,59247762
X,8356875,8357500,625,8357087
X,9875075,9875925,850,9875537
X,10821550,10822550,1000,10822187
X,10959000,10959900,900,10959437
X,11243600,11244500,900,11244287
X,11387225,11388275,1050,11387837
X,16651825,16652525,700,16652012
X,16662375,16663175,800,16662737
X,17545425,17546400,975,17545662
X,17979725,17980450,725,17980287
X,17980675,17981475,800,17981162
X,19217850,19218450,600,19217862
X,20518050,20518700,650,20518237
X,30565950,30566575,625,30566287
X,30577775,30578450,675,30578137
X,30687575,30688750,1175,30687787
X,31539425,31540250,825,31539437
X,32759775,32761925,2150,32760412
X,33480075,33481100,1025,33480587
X,44278625,44279575,950,44278937
X,44697450,44698850,1400,44697762
X,47925000,47926100,1100,47925362
X,48594775,48596625,1850,48595762
X,48857625,48858300,675,48857987
X,69481600,69482350,750,69481662
X,69653400,69654250,850,69653812
X,69755750,69756625,875,69756262
X,75486750,75487700,950,75487412
X,76391850,76392850,1000,76392037
X,84837025,84838250,1225,84837487
X,85263375,85264200,825,85263562
X,96632000,96632950,950,96632412
X,98052225,98053025,800,98052512
X,98846275,98847275,1000,98846662
X,99683875,99684925,1050,99684262
X,100024250,100025100,850,100024637
X,102389975,102390700,725,102390362
X,111971925,111972925,1000,111972512
X,111974625,111975675,1050,111975362
X,119220100,119220875,775,119220612
X,119678100,119678900,800,119678112
X,129033050,129033775,725,129033262
X,130018875,130021050,2175,130019087
X,156406125,156406975,850,156406812
X,157502725,157503925,1200,157503237
X,158184000,158186400,2400,158185537
X,158751125,158751875,750,158751312
X,165315075,165317425,2350,165315087
X,165318225,165333200,14975,165331512
